Time,AccV,AccML,AccAP,StartHesitation,Turn,Walking
0,-8.78826891607502,-0.180278576254855,-3.63211072401883,0,0,0
1,-8.78810441505017,-0.177842032148632,-3.63201311765579,0,0,0
2,-8.78495050579593,-0.181590592944794,-3.66322987645004,0,0,0
3,-8.77937741193478,-0.18280733153835,-3.68416153183816,0,0,0
4,-8.78381677147222,-0.187233258341363,-3.68189528489676,0,0,0
5,-8.77664517615828,-0.198364922006192,-3.7134078834486,0,0,0
6,-8.7571651334475,-0.185763634403887,-3.71825259812448,0,0,0
7,-8.76109758644364,-0.171456465583432,-3.70882936874681,0,0,0
8,-8.78617869066137,-0.155333714646539,-3.68850271415975,0,0,0
9,-8.78835836625018,-0.173499600619044,-3.66373794165868,0,0,0
10,-8.79070694501417,-0.194108911778955,-3.63229498792866,0,0,0
11,-8.79673831228258,-0.202452892517425,-3.60939541454096,0,0,0
12,-8.78724185695515,-0.206723677343815,-3.6069380269097,0,0,0
13,-8.79410243670417,-0.199841479162094,-3.63178505659326,0,0,0
14,-8.80816102214707,-0.179562242534224,-3.64093191639035,0,0,0
15,-8.81463534918811,-0.172330224595586,-3.6407346772102,0,0,0
16,-8.81312068030399,-0.152520274199915,-3.62740601362047,0,0,0
17,-8.81090938072992,-0.164030796681828,-3.58684120970229,0,0,0
18,-8.8123994455829,-0.199818702501948,-3.55282324090201,0,0,0
19,-8.81209752498419,-0.2177929066567,-3.56635571039726,0,0,0
20,-8.80773227861345,-0.231673722410303,-3.62300870152251,0,0,0
21,-8.80778801151065,-0.227148052219647,-3.65011638970607,0,0,0
22,-8.79855971618283,-0.215698181537402,-3.62960693332554,0,0,0
23,-8.82184623995995,-0.195466997668214,-3.63207220459221,0,0,0
24,-8.80538440381416,-0.185954463755616,-3.65427770955129,0,0,0
25,-8.80154669709196,-0.170687795181704,-3.6319114900589,0,0,0
26,-8.81297728847881,-0.177537761061926,-3.53713683148338,0,0,0
27,-8.89886433465519,-0.18090229650792,-3.4649019438986,0,0,0
28,-8.92379413639762,-0.196568283077479,-3.50798198969502,0,0,0
29,-8.83074870934576,-0.218067034028438,-3.56212661476907,0,0,0
30,-8.77812467688779,-0.222734184525885,-3.66800873137937,0,0,0
31,-8.77409161972875,-0.20728898137588,-3.63650819860107,0,0,0
32,-8.79072519519954,-0.171335805510225,-3.54855134123108,0,0,0
33,-8.77915638214321,-0.164400214103056,-3.54610738649517,0,0,0
34,-8.78988806117309,-0.159128807961616,-3.57064938140942,0,0,0
35,-8.81991634738344,-0.138747113670667,-3.61150588341322,0,0,0
36,-8.83866574075193,-0.132257704844651,-3.62535266174872,0,0,0
37,-8.83427619412416,-0.125604657341747,-3.60729407082099,0,0,0
38,-8.82282021377033,-0.109619588955483,-3.6568067088855,0,0,0
39,-8.79862402885391,-0.108299876554867,-3.69552102808853,0,0,0
40,-8.80504161023203,-0.116993046229898,-3.69766569825917,0,0,0
41,-8.80932375632853,-0.118994081066268,-3.68400890581647,0,0,0
42,-8.75224514426034,-0.16495551992354,-3.61624069001611,0,0,0
43,-8.86133909715031,-0.278265114136987,-3.55978353306325,0,0,0
44,-8.89410006416193,-0.306394433699236,-3.548138172695,0,0,0
45,-8.77504276158745,-0.308857890845225,-3.41515926568848,0,0,0
46,-8.78291280084176,-0.277809175390313,-3.43581469141594,0,0,0
47,-8.82796420256465,-0.215353749686219,-3.50310777083167,0,0,0
48,-8.86061557275985,-0.197561760127963,-3.54190163957944,0,0,0
49,-8.88450676488698,-0.214544013234535,-3.5777041322594,0,0,0
50,-8.87258389312411,-0.255225551265817,-3.55508297275254,0,0,0
51,-8.85428595263799,-0.287282098692073,-3.46481821169828,0,0,0
52,-8.85782975114585,-0.313752929960515,-3.34704158970205,0,0,0
53,-8.90799861004244,-0.308936204319125,-3.23880194712574,0,0,0
54,-8.90769761756082,-0.315511205136662,-3.22288519540245,0,0,0
55,-8.85299343409704,-0.3523965873668,-3.19803798475519,0,0,0
56,-8.82825531063976,-0.348303794543967,-3.19805879964054,0,0,0
57,-8.81915770897558,-0.373437626822147,-3.31342521474556,0,0,0
58,-8.82282186530516,-0.420457196921796,-3.43307714682842,0,0,0
59,-8.79812805123533,-0.425528741817847,-3.44899833382428,0,0,0
60,-8.80232080571367,-0.432002128827874,-3.46018137871611,0,0,0
61,-8.87668288304278,-0.423887671839225,-3.43067896772392,0,0,0
62,-8.82777159012093,-0.409416011243099,-3.34961839289492,0,0,0
63,-8.79626904249558,-0.396345403796059,-3.2614687938438,0,0,0
64,-8.85247319335545,-0.381556425353857,-3.26576438059073,0,0,0
65,-8.92275691170867,-0.355613669332355,-3.33124384406984,0,0,0
66,-8.94536364451742,-0.378129591912891,-3.30881912704039,0,0,0
67,-8.91344922367479,-0.387470437976679,-3.29066179990808,0,0,0
68,-8.88911019677169,-0.372345791690324,-3.26820835169094,0,0,0
69,-8.89362186470094,-0.347163974163818,-3.26803224019305,0,0,0
70,-8.93513121107457,-0.329094689690939,-3.25025519869548,0,0,0
71,-8.94628841306874,-0.324238471820134,-3.23886011994078,0,0,0
72,-8.93924305904514,-0.344668994425184,-3.15979290052466,0,0,0
73,-8.91191203845486,-0.365454158911935,-3.05815304319388,0,0,0
74,-8.89073367582154,-0.385551390128841,-2.9720207528227,0,0,0
75,-8.909814180163,-0.345114511432573,-3.01290487559604,0,0,0
76,-8.99704037973218,-0.272039083158074,-3.10798446817097,0,0,0
77,-9.02202599875897,-0.219250392379687,-3.20710175692111,0,0,0
78,-9.00845618138878,-0.194301378307289,-3.26340170580372,0,0,0
79,-9.05699039699478,-0.185496310207518,-3.24355146926031,0,0,0
80,-9.09673577829129,-0.177218284807431,-3.17753566352081,0,0,0
81,-9.11274675936979,-0.179490451760453,-3.0895382985142,0,0,0
82,-9.1042432761123,-0.173277292552457,-3.08071590192663,0,0,0
83,-9.09054422788834,-0.157350852267438,-3.10990378113326,0,0,0
84,-9.07540019494626,-0.114801879435397,-3.18900911198261,0,0,0
85,-9.05090112783487,-0.0926323299711157,-3.27261608184416,0,0,0
86,-9.03780744252454,-0.0635618628727129,-3.32911999502476,0,0,0
87,-9.0522151143213,-0.0230771724346754,-3.30892645434673,0,0,0
88,-9.04828334408277,-0.0259844538796732,-3.29115739099008,0,0,0
89,-9.02482214853909,-0.0300514271598457,-3.33142291573627,0,0,0
90,-9.01572928535302,-0.0575036723327668,-3.38354695147158,0,0,0
91,-8.98086139821454,-0.0707780337195952,-3.39670705532655,0,0,0
92,-8.92451451166742,-0.108279982076169,-3.35860913636391,0,0,0
93,-8.89696024628971,-0.167662227444913,-3.26164555839541,0,0,0
94,-8.93938777322094,-0.184871410391455,-3.15986324321138,0,0,0
95,-8.99800212724725,-0.188481908660545,-3.09432179361072,0,0,0
96,-9.04765780651727,-0.201435805925475,-3.01532464578832,0,0,0
97,-9.09260972242199,-0.189179784965795,-2.92250692272843,0,0,0
98,-9.10201379372602,-0.180281268615219,-2.87066262620275,0,0,0
99,-9.06794634776208,-0.180592249900215,-2.92027390747221,0,0,0
100,-9.07273099806335,-0.14878879825063,-2.97892776018971,0,0,0
101,-9.08436736087481,-0.135199315158938,-3.07615276202901,0,0,0
102,-9.13418066743768,-0.0980488463245771,-3.0646668011619,0,0,0
103,-9.21196111252502,-0.0841661053278895,-2.96565170496731,0,0,0
104,-9.2635201803479,-0.0693711917888979,-2.86369850282767,0,0,0
105,-9.30228410391368,-0.0828578082418918,-2.81200991761289,0,0,0
106,-9.32885966132463,-0.0865131829165093,-2.83437495385461,0,0,0
107,-9.33769835309648,-0.109009093359626,-2.86380612096974,0,0,0
108,-9.33907542103777,-0.137829591315953,-2.86131672051332,0,0,0
109,-9.32967635448738,-0.162753809158087,-2.82064216783396,0,0,0
110,-9.30496459026992,-0.158703877443624,-2.78000868011145,0,0,0
111,-9.22525168068277,-0.166086264932786,-2.86106351556999,0,0,0
112,-9.13503173829608,-0.16756132012287,-2.85660482154266,0,0,0
113,-9.08626725181742,-0.153189285349241,-2.86146848699428,0,0,0
114,-9.07662436542286,-0.152745797533694,-2.88602077075826,0,0,0
115,-9.10893159380966,-0.143765476141879,-2.92018624765097,0,0,0
116,-9.16300831562149,-0.147406651503938,-2.89530214426239,0,0,0
117,-9.23021975407668,-0.177876868004005,-2.80714078276425,0,0,0
118,-9.28381703729697,-0.21536099652135,-2.67380962315229,0,0,0
119,-9.34459843458068,-0.237115804837405,-2.60382973597819,0,0,0
120,-9.35214990938742,-0.214919287750385,-2.58146133606633,0,0,0
121,-9.23562653862221,-0.258789716899685,-2.55850905938098,0,0,0
122,-9.17496757887693,-0.305635842395341,-2.61094333152381,0,0,0
123,-9.21172807831607,-0.371959383296629,-2.73712955606329,0,0,0
124,-9.22337220413291,-0.321873360627167,-2.79344045141153,0,0,0
125,-9.18597114148083,-0.268637305912512,-2.69414503569407,0,0,0
126,-9.18662910551259,-0.232776872952092,-2.58351294446344,0,0,0
127,-9.24178103501043,-0.184938829949853,-2.51135231897954,0,0,0
128,-9.2714255104919,-0.177919937453247,-2.49562934481442,0,0,0
129,-9.28702602115086,-0.177496112725216,-2.47519302482776,0,0,0
130,-9.29813296202015,-0.174866257046655,-2.48412347766173,0,0,0
131,-9.28048012182041,-0.20971837445137,-2.58848895865378,0,0,0
132,-9.21399149620976,-0.228059720053887,-2.55197911979523,0,0,0
133,-9.16018061729495,-0.197293203761758,-2.53387983865087,0,0,0
134,-9.16285640200632,-0.206752304979148,-2.5928888110111,0,0,0
135,-9.18038061503246,-0.212816349972795,-2.60396485201183,0,0,0
136,-9.12451507662819,-0.193674214982236,-2.61541463221331,0,0,0
137,-9.11727624110083,-0.175110815819072,-2.5518019472115,0,0,0
138,-9.1522187650951,-0.14593738805666,-2.50919488183012,0,0,0
139,-9.17927382444896,-0.122674695848112,-2.4706075069661,0,0,0
140,-9.23571236233212,-0.135545031983399,-2.36676132051141,0,0,0
141,-9.30478576727018,-0.172402806700034,-2.40497259532018,0,0,0
142,-9.31177592167586,-0.179299842284589,-2.51357034800007,0,0,0
143,-9.31418692820617,-0.167975007464245,-2.55649366267228,0,0,0
144,-9.30563797487697,-0.177703995848014,-2.53420114989865,0,0,0
145,-9.32096376433622,-0.17249765706117,-2.42774579099323,0,0,0
146,-9.28302129618143,-0.164404462690484,-2.34431164327215,0,0,0
147,-9.28543271241625,-0.143987880707808,-2.3013198344447,0,0,0
148,-9.33275799448151,-0.170565182610539,-2.31049248844709,0,0,0
149,-9.34358882554744,-0.158534041271635,-2.34859652166595,0,0,0
150,-9.30340862678974,-0.143581848014907,-2.40746114659358,0,0,0
151,-9.21980208288361,-0.163023116858606,-2.49793812855217,0,0,0
152,-9.15623301756955,-0.177369952224214,-2.48431443054,0,0,0
153,-9.12417317402155,-0.200322870124444,-2.35095648006272,0,0,0
154,-9.09914184084093,-0.24163643049767,-2.29466301588721,0,0,0
155,-9.08344511893756,-0.235119489541295,-2.32178327781135,0,0,0
156,-9.07039396489915,-0.201502171476957,-2.42572214767054,0,0,0
157,-9.0839033358758,-0.189841414875193,-2.43466068224122,0,0,0
158,-9.16057042523983,-0.204571858460699,-2.3850045867803,0,0,0
159,-9.23556108586469,-0.183350340834559,-2.34668070773883,0,0,0
160,-9.27500576301278,-0.20675950413636,-2.26266607797557,0,0,0
161,-9.34764234924155,-0.237939852662573,-2.32180275305106,0,0,0
162,-9.45177369360492,-0.27092795526167,-2.44984194834246,0,0,0
163,-9.4402309020985,-0.273129962545582,-2.49040218950109,0,0,0
164,-9.34985705912637,-0.23552829733988,-2.44150844428401,0,0,0
165,-9.1856867096211,-0.186198173640724,-2.36693888090493,0,0,0
166,-9.13757631916868,-0.231924433380963,-2.38273215403857,0,0,0
167,-9.21787749452422,-0.117714708574816,-2.49553061049758,0,0,0
168,-9.25043445482371,-0.0952913843159461,-2.48453775355092,0,0,0
169,-9.26879080105046,-0.0565451261810592,-2.3420783767839,0,0,0
170,-9.3207257995808,-0.0671929547020849,-2.28340870316513,0,0,0
171,-9.42115530806812,-0.226698878092722,-2.4116130317752,0,0,0
172,-9.59750652546142,-0.217301918747351,-2.56302837320288,0,0,0
173,-9.51390300443318,-0.111196596594609,-2.33518050620143,0,0,0
174,-9.29863844051759,-0.225766697402873,-2.01703920423113,0,0,0
175,-9.27124202353512,-0.235045148002323,-1.98758721823687,0,0,0
176,-9.25916006726087,-0.165794372827625,-2.12338152058561,0,0,0
177,-9.10597435729436,-0.134268513925128,-2.04878612794907,0,0,0
178,-8.93413258570261,-0.152680385735976,-1.98554184568322,0,0,0
179,-8.91228368225891,-0.217707467765214,-2.11402804748562,0,0,0
180,-9.03194853763007,-0.181609678439463,-2.15670189699724,0,0,0
181,-9.11341375312844,-0.155466340000087,-2.05945835719133,0,0,0
182,-9.12068973599757,-0.164997974304792,-1.9806899332928,0,0,0
183,-9.20355685625309,-0.174500014508043,-1.98494426813251,0,0,0
184,-9.34287110706611,-0.18996226716507,-2.04120046708152,0,0,0
185,-9.47232547419193,-0.204622215326373,-2.14784489150776,0,0,0
186,-9.52737477752791,-0.248108690270078,-2.14972369787063,0,0,0
187,-9.53621186467996,-0.295707847528623,-2.18384255839211,0,0,0
188,-9.56371870237964,-0.393976034965902,-2.18587913598176,0,0,0
189,-9.62254017824162,-0.333861987411145,-2.13581973569086,0,0,0
190,-9.61715802846587,-0.312434755814166,-2.12504788695738,0,0,0
191,-9.49975457528563,-0.311996092339416,-2.0437188175492,0,0,0
192,-9.36362382544704,-0.349979156554519,-2.05496289933309,0,0,0
193,-9.28735069807062,-0.349316514474092,-2.09134926680885,0,0,0
194,-9.26521297244063,-0.313575099505732,-2.03935597260328,0,0,0
195,-9.25987024046141,-0.342583918544825,-1.96459809863106,0,0,0
196,-9.36373836044722,-0.336457894315097,-1.90581270270725,0,0,0
197,-9.46097563969609,-0.341921088348108,-1.97821403502501,0,0,0
198,-9.57123441056019,-0.34892115651712,-2.16107783061398,0,0,0
199,-9.59172976934049,-0.332750493093556,-2.25594159058238,0,0,0
200,-9.61078128601567,-0.408865291594479,-2.26036494651517,0,0,0
201,-9.58430489903335,-0.373336879252727,-2.25364469632084,0,0,0
202,-9.5181473465496,-0.385156204528455,-2.18562193386808,0,0,0
203,-9.54798618570076,-0.328096746313658,-2.17868926944368,0,0,0
204,-9.59625754208122,-0.282490346747162,-2.22623463821469,0,0,0
205,-9.62612213623409,-0.284778069700383,-2.26942224915029,0,0,0
206,-9.6438312896723,-0.291004163795085,-2.30544192275926,0,0,0
207,-9.59387696716119,-0.33715363890417,-2.31014127315437,0,0,0
208,-9.49874858065172,-0.329248867563653,-2.20828011048955,0,0,0
209,-9.39567666093121,-0.329321896837772,-2.14314687790353,0,0,0
210,-9.33708457790826,-0.314348126381578,-2.14536144774424,0,0,0
211,-9.32418145805389,-0.271738984836572,-2.24705122964178,0,0,0
212,-9.35466400733737,-0.226703669428921,-2.21113977374277,0,0,0
213,-9.44525573868346,-0.193658993248692,-2.12293131804768,0,0,0
214,-9.54871980901135,-0.198556902198234,-2.09339692485984,0,0,0
215,-9.63824263923441,-0.219311012156847,-1.9847061919625,0,0,0
216,-9.65180955292839,-0.246560519330337,-1.87871275994843,0,0,0
217,-9.6552668734809,-0.300310166791053,-1.83564164070009,0,0,0
218,-9.66937487956102,-0.300599218756493,-1.88561658524221,0,0,0
219,-9.69004167347225,-0.264075827473787,-1.91264597714823,0,0,0
220,-9.66270641477812,-0.280237642855595,-1.93071553301467,0,0,0
221,-9.68379520921932,-0.3309963546568,-1.95745403478256,0,0,0
222,-9.75600627759816,-0.364069280258468,-1.99606281237794,0,0,0
223,-9.82520230696751,-0.396511551387687,-1.95748767837057,0,0,0
224,-9.81536643335123,-0.44842291340234,-1.91226743153492,0,0,0
225,-9.76783632754726,-0.462779043399321,-1.82419939293156,0,0,0
226,-9.72242246230378,-0.460999736107527,-1.72239862530421,0,0,0
227,-9.65939343034995,-0.510137238590708,-1.58726770051745,0,0,0
228,-9.62381553245338,-0.570742909977747,-1.50326606259088,0,0,0
229,-9.58923559703992,-0.641347620165638,-1.52599621412598,0,0,0
230,-9.57356057844347,-0.659969323476386,-1.52166635392827,0,0,0
231,-9.59130922185018,-0.668569581354813,-1.44023832415779,0,0,0
232,-9.63015984419928,-0.627363827756189,-1.365625213831,0,0,0
233,-9.68281657723739,-0.554209209085196,-1.34966176190615,0,0,0
234,-9.70419113668122,-0.502395220893087,-1.30462954493078,0,0,0
235,-9.72271484920956,-0.438679088565966,-1.21178952717164,0,0,0
236,-9.74201850655754,-0.375661378069554,-1.16451201734471,0,0,0
237,-9.76650796182646,-0.320024930979092,-1.1560108303704,0,0,0
238,-9.80227021479911,-0.300865158758002,-1.1760405624955,0,0,0
239,-9.85716500133169,-0.268764438847851,-1.10612053466303,0,0,0
240,-9.85169620578436,-0.306803098220407,-0.997476389489555,0,0,0
241,-9.81240560693471,-0.359120113348763,-0.843766354625344,0,0,0
242,-9.71954710372155,-0.417429735880194,-0.640690028747045,0,0,0
243,-9.74019619489076,-0.424306235869779,-0.557296757821705,0,0,0
244,-9.82905447058995,-0.455808203532814,-0.565848519823305,0,0,0
245,-9.84974065421932,-0.453511451915057,-0.651857838631865,0,0,0
246,-9.80248771148874,-0.431530034596509,-0.728606488399836,0,0,0
247,-9.77327655197962,-0.441279360517949,-0.642887446390202,0,0,0
248,-9.76046687071033,-0.389731863261958,-0.514114943003061,0,0,0
249,-9.80056345707412,-0.308578208280051,-0.471456718332011,0,0,0
250,-9.80356360154653,-0.263589480624006,-0.453434087876718,0,0,0
251,-9.81234363882485,-0.242699834624414,-0.398952825959904,0,0,0
252,-9.8355682724871,-0.238378928217353,-0.417302503071946,0,0,0
253,-9.91629591623021,-0.266291592770816,-0.412701917366464,0,0,0
254,-9.9273512246495,-0.295609702652974,-0.333710511322667,0,0,0
255,-9.86200652691156,-0.294477161022068,-0.286325099574612,0,0,0
256,-9.85268641962212,-0.301206313487347,-0.263641188981802,0,0,0
257,-9.8546796541459,-0.316899886671579,-0.272657429216464,0,0,0
258,-9.8501604371813,-0.285072032695559,-0.139147337133144,0,0,0
259,-9.80195245091195,-0.271316240613486,0.0861783131519205,0,0,0
260,-9.83572886926579,-0.247873440277945,0.0570080634800393,0,0,0
261,-9.96209530174506,-0.216179810865142,0.030149276715469,0,0,0
262,-10.1189876515622,-0.182948712663942,0.239974954198689,0,0,0
263,-10.3263533133906,-0.174994340435082,0.524877766513488,0,0,0
264,-10.5380973909744,-0.210178733096468,0.739524078488586,0,0,0
265,-10.6426829935888,-0.191084700704062,0.938135573563644,0,0,0
266,-10.5952341505586,-0.041212370280946,1.44641095596388,0,0,0
267,-10.4667250487133,0.0684397117447162,1.87750047411451,0,0,0
268,-10.4350967813374,0.0635320008814755,1.59958472887618,0,0,0
269,-10.3215995650086,-0.0791287727858281,1.20008514557036,0,0,0
270,-10.1801644757044,-0.228427434568199,1.48444345624351,0,0,0
271,-10.1189994852029,-0.240816230293812,1.98601032310152,0,0,0
272,-10.2641966638872,-0.280549969794462,2.12881919849447,0,0,0
273,-10.4046203622583,-0.290179972700071,2.04949294060278,0,0,0
274,-10.2855389898962,-0.262877890907402,2.03131605917322,0,0,0
275,-10.1071523699907,-0.263298036103726,1.98612150186565,0,0,0
276,-10.0604378542602,-0.335572372928408,1.94796202164325,0,0,0
277,-10.0274041247985,-0.430663302123507,2.07677970538818,0,0,0
278,-9.98125047787221,-0.384794966225011,2.4492689715017,0,0,0
279,-10.0201950428752,-0.231753599897352,2.69747989830699,0,0,0
280,-10.149226159244,-0.0884195877444066,2.70399980063337,0,0,0
281,-10.2660691928989,0.0373208630727346,2.69726220618484,0,0,0
282,-10.336300797579,0.0678234135094371,2.75157654481453,0,0,0
283,-10.4209415266745,-0.0280048211296855,2.90287073480379,0,0,0
284,-10.5134284304698,-0.188848700576931,3.19210731573177,0,0,0
285,-10.6594910423103,-0.204315235516172,3.42278334829574,0,0,0
286,-10.7724853551932,-0.209608455750961,3.61023211384399,0,0,0
287,-10.7759373261383,-0.235940419220591,3.59699182794984,0,0,0
288,-10.6864105873481,-0.253983378041601,3.49710601683267,0,0,0
289,-10.5783101114099,-0.349687722476294,3.59227727435177,0,0,0
290,-10.4481518504558,-0.574142941602393,3.56993783098512,0,0,0
291,-10.2678091016325,-0.869611248853923,3.49315399269604,0,0,0
292,-9.97912526307657,-1.03655624180681,3.50650400597539,0,0,0
293,-9.72614817035993,-1.00836991039128,3.42311333275709,0,0,0
294,-9.61920542733178,-0.933667342474188,3.23314868999413,0,0,0
295,-9.58060708298368,-0.810637204486423,3.2126647353727,0,0,0
296,-9.52280513332189,-0.590899497638931,3.38884217532878,0,0,0
297,-9.49282928517598,-0.359840829058608,3.20553810396771,0,0,0
298,-9.45962033140213,-0.239768107888088,3.03778334965285,0,0,0
299,-9.39803501581054,-0.226502241507448,3.20081580764588,0,0,0
300,-9.39809483536148,-0.231216186801221,3.40635063741489,0,0,0
301,-9.38324350888574,-0.184386615410926,3.35424993953069,0,0,0
302,-9.349141239414,-0.209750410047427,3.25026610563546,0,0,0
303,-9.35903627836916,-0.27222723068899,3.322801322644,0,0,0
304,-9.41801214406295,-0.267052480224226,3.40856687201564,0,0,0
305,-9.42886972899505,-0.28017495801376,3.41094042337154,0,0,0
306,-9.47897484526435,-0.307284431242207,3.58679657153579,0,0,0
307,-9.52351082186314,-0.324360722099255,3.77449317478072,0,0,0
308,-9.572810183882,-0.323167047641969,3.58715673716284,0,0,0
309,-9.60780329174345,-0.385424318141785,3.47883495875199,0,0,0
310,-9.57778677634427,-0.465275199945231,3.76329314831904,0,0,0
311,-9.64349184304781,-0.439438674362056,3.90569285910631,0,0,0
312,-9.72023331862296,-0.426731745622915,3.70245878051349,0,0,0
313,-9.63146537622224,-0.461628344314352,3.62799759745971,0,0,0
314,-9.57834241758162,-0.426940418427088,3.65935820365556,0,0,0
315,-9.47069279749657,-0.388164341081415,3.59600517645167,0,0,0
316,-9.39305412677434,-0.276592319572891,3.72033671800911,0,0,0
317,-9.31463705083247,-0.173258523639857,3.80101585559154,0,0,0
318,-9.21975621897797,-0.135746072191865,3.54823282288041,0,0,0
319,-9.12779629001647,-0.206224089556154,3.24352727370939,0,0,0
320,-9.01732314005996,-0.356600496424969,3.26158871183892,0,0,0
321,-8.93209462552781,-0.463561949084035,3.18485461610673,0,0,0
322,-8.83439448962213,-0.510009548859548,2.90919924691081,0,0,0
323,-8.76993741399005,-0.562292531328106,2.82357496285,0,0,0
324,-8.76441664702355,-0.63906053367878,2.87776449527304,0,0,0
325,-8.77689571142231,-0.724551343834926,2.7782980680781,0,0,0
326,-8.76606687914378,-0.837024376110145,2.50728711024384,0,0,0
327,-8.74773843359767,-0.96730888143545,2.4895344192202,0,0,0
328,-8.72330771642594,-1.08926738693442,2.6500068415795,0,0,0
329,-8.68804506535032,-1.19352579799559,2.73582588368322,0,0,0
330,-8.63309574277233,-1.23246449763629,2.74947667822556,0,0,0
331,-8.57138939124559,-1.16632036239662,2.67012616200388,0,0,0
332,-8.45092438538871,-1.04165245000039,2.496286592763,0,0,0
333,-8.33547816594534,-0.924230412231873,2.34476040915406,0,0,0
334,-8.27208664419749,-0.7719093361629,2.23633422582034,0,0,0
335,-8.16078976210175,-0.679213760592732,2.14807730571074,0,0,0
336,-8.06933665177955,-0.629160724724633,2.12076536382913,0,0,0
337,-8.06777275847887,-0.552123233241571,1.88372286823524,0,0,0
338,-8.05510949415956,-0.543968513423156,1.76362061975062,0,0,0
339,-8.08781099796742,-0.594942710615459,1.93553853478549,0,0,0
340,-8.19759772429023,-0.670140829963264,2.10263581812045,0,0,0
341,-8.36461068041911,-0.65387471612964,2.22704594818883,0,0,0
342,-8.46401765079201,-0.517595428661865,2.25397481840653,0,0,0
343,-8.44403723741053,-0.312666595993024,2.32187944296984,0,0,0
344,-8.43219409644337,-0.0586535495954981,2.33072987147317,0,0,0
345,-8.40228486094467,0.108348996074477,2.2870504056513,0,0,0
346,-8.3250119748388,0.166967329819225,2.3938473030755,0,0,0
347,-8.19735627054196,0.129720322087627,2.48348200586961,0,0,0
348,-8.08529527210748,0.0404019963139314,2.31636826701774,0,0,0
349,-8.01356222163798,-0.0639683485488938,2.1244530883535,0,0,0
350,-7.99803801032124,-0.162784513371411,2.15861654856346,0,0,0
351,-8.02441949250325,-0.223273455285095,2.00944287213045,0,0,0
352,-8.01203444186069,-0.267957086545648,1.74080738955679,0,0,0
353,-7.9646580618085,-0.353271778307562,1.63057853514671,0,0,0
354,-8.01373286889074,-0.441037165174906,1.75454441469617,0,0,0
355,-8.17550944447347,-0.508647747517795,1.92392658287616,0,0,0
356,-8.38379758586913,-0.560943688786886,1.98087052943936,0,0,0
357,-8.51793645709458,-0.482160740290276,2.0035565429506,0,0,0
358,-8.60225516681033,-0.312516079724258,1.95355309267108,0,0,0
359,-8.75310337879967,-0.158941025216949,1.84075165090516,0,0,0
360,-8.92543863989693,-0.0815984639458225,1.69181379778132,0,0,0
361,-8.9621689708554,-0.0519076849236954,1.63524704385925,0,0,0
362,-8.97322158194974,-0.0812249805717226,1.71198156087308,0,0,0
363,-8.94048250565307,-0.156021118362338,1.78657227728124,0,0,0
364,-8.82677378193724,-0.257487813610784,1.90828201004376,0,0,0
365,-8.79604296547871,-0.306873696273186,1.91085828051192,0,0,0
366,-8.82439751546912,-0.335107421445771,1.7733251168757,0,0,0
367,-8.85286528642505,-0.425145806879686,1.78444698777542,0,0,0
368,-8.97378953930203,-0.46803844584477,1.87275259556539,0,0,0
369,-9.0777607530948,-0.471171910143682,2.00598556886883,0,0,0
370,-9.16313339486173,-0.48090525351619,2.07616343434073,0,0,0
371,-9.26062966762994,-0.466015858638757,1.89533653813647,0,0,0
372,-9.2807037600411,-0.454059441965891,1.88649323142558,0,0,0
373,-9.24458484875322,-0.466140578782812,2.12363181552026,0,0,0
374,-9.26971152899309,-0.47981517791378,2.32674473816463,0,0,0
375,-9.3735507466055,-0.466717189987281,2.17095829891102,0,0,0
376,-9.53452370324297,-0.483087554695,1.72200813654372,0,0,0
377,-9.6428046331782,-0.497217014454657,1.51411619293609,0,0,0
378,-9.64963565629576,-0.499519701457964,1.66996444132719,0,0,0
379,-9.67384011491806,-0.539675453941271,1.75133181620469,0,0,0
380,-9.68368932814507,-0.640748705550559,1.46667525738678,0,0,0
381,-9.64024299094207,-0.750455525176861,1.09448243476314,0,0,0
382,-9.5776465766762,-0.866263298797771,1.04929697220128,0,0,0
383,-9.49070878297988,-0.971553745081021,1.13498513362909,0,0,0
384,-9.34495873400781,-1.0707470983502,1.1055365824555,0,0,0
385,-9.1760832551411,-1.14918692548337,0.934144538729481,0,0,0
386,-9.03019198366089,-1.23675449585378,0.715059864309451,0,0,0
387,-8.88004249221273,-1.3429825276022,0.717139238354795,0,0,0
388,-8.7861090116837,-1.42536302493969,0.818896440684695,0,0,0
389,-8.66547058965717,-1.47198812430377,0.884556636430898,0,0,0
390,-8.60901838609126,-1.49112517722258,0.929614703264803,0,0,0
391,-8.58632466509275,-1.50511766950779,1.05609426192956,0,0,0
392,-8.65983090664381,-1.47089701181044,1.01506848116743,0,0,0
393,-8.74958031602359,-1.46894636939293,0.904648113054193,0,0,0
394,-8.72539664870048,-1.44252844481502,0.884180613897791,0,0,0
395,-8.71955001802046,-1.3727275277898,0.861612741843365,0,0,0
396,-8.82944605247049,-1.29253586819598,0.77332364918074,0,0,0
397,-8.91307870913437,-1.21601608756084,0.733124666043963,0,0,0
398,-8.97044559051632,-1.17946693950088,0.714862793791128,0,0,0
399,-9.08315882037669,-1.20493038920046,0.669600880122202,0,0,0
400,-9.24112059571184,-1.28013439914378,0.523364663446948,0,0,0
401,-9.30399118606087,-1.33359962039807,0.505105527053702,0,0,0
402,-9.30181012535824,-1.42065616115148,0.591408127578009,0,0,0
403,-9.35487186019676,-1.50775648951554,0.519069329159411,0,0,0
404,-9.36103580038571,-1.55960689800948,0.577755021811857,0,0,0
405,-9.35529892055024,-1.64986615198228,0.636473844764361,0,0,0
406,-9.43498474134972,-1.72239578034571,0.476342106492936,0,0,0
407,-9.48855315418026,-1.73920740936078,0.368080946592268,0,0,0
408,-9.46611551563528,-1.78302846871968,0.376760627759196,0,0,0
409,-9.42229661603817,-1.82847241245869,0.333963623544341,0,0,0
410,-9.36864573496916,-1.88473408113195,0.259841798332227,0,0,0
411,-9.35680043147547,-1.9300097213912,0.203321305831387,0,0,0
412,-9.39966061543057,-1.94070988696703,0.180678773731755,0,0,0
413,-9.40499321210996,-1.94137563122908,0.20062312666254,0,0,0
414,-9.37159424919902,-1.99045465916256,0.19436130042519,0,0,0
415,-9.30388715907825,-2.00288417152885,0.103890001657829,0,0,0
416,-9.20438413768144,-1.96543920438154,-0.00875672719184294,0,0,0
417,-9.14548588086261,-1.91570771922904,-0.0884806613030376,0,0,0
418,-9.10033929509357,-1.87990050596067,-0.113102013465692,0,0,0
419,-9.05337656249132,-1.86055665660827,0.00203304056001176,0,0,0
420,-9.0702261372759,-1.80878825643754,0.0267363893180766,0,0,0
421,-9.12749060934278,-1.75620455141754,0.0764069453826554,0,0,0
422,-9.07209403564025,-1.65300354122938,-0.0589630323957512,0,0,0
423,-8.99424720667236,-1.49300612121184,-0.199604717314408,0,0,0
424,-8.91110000240562,-1.33931166363858,-0.14335955133118,0,0,0
425,-8.94574810969752,-1.25511750738347,-0.0460167397587796,0,0,0
426,-9.09032535486622,-1.22787853638119,-0.0164913193624608,0,0,0
427,-9.26430251059918,-1.23231285819964,0.301989775939732,0,0,0
428,-9.54412954443865,-1.23490098053256,0.681617503979676,0,0,0
429,-9.91826174174974,-1.19890226534229,0.745452770504795,0,0,0
430,-10.1605925267305,-1.1707406773577,0.704641050827562,0,0,0
431,-10.2112020363493,-1.1754184808654,0.774214022210013,0,0,0
432,-10.0458444602471,-1.21404102227553,0.912014261863303,0,0,0
433,-9.61490197623143,-1.28049583749243,0.948608040290115,0,0,0
434,-9.09355199003854,-1.35944756547278,0.970546854271065,0,0,0
435,-8.70744200566719,-1.41556152422766,0.965640650148424,0,0,0
436,-8.58050066786562,-1.45814428602916,1.01303155530101,0,0,0
437,-8.71741152536828,-1.52836718006004,1.15303698355145,0,0,0
438,-9.13398404736527,-1.53239168886315,1.27330997527707,0,0,0
439,-9.60534559852655,-1.51091964088425,1.16302667258265,0,0,0
440,-9.97279254681892,-1.38580713080098,1.0072007394507,0,0,0
441,-10.2327939190498,-1.17883522630451,0.966690954937703,0,0,0
442,-10.4673797413669,-0.935016378533061,0.94597185679832,0,0,0
443,-10.6407739090464,-0.67369271773707,0.96387720773576,0,0,0
444,-10.8019576285096,-0.480281633528632,1.23932366893894,0,0,0
445,-10.9633114659716,-0.421787118336241,1.37478710426752,0,0,0
446,-11.0072267406913,-0.454163777580249,1.32093226091393,0,0,0
447,-10.932130036679,-0.635249043618448,1.34140239957803,0,0,0
448,-10.7205895247287,-0.872278646485131,1.32128296922285,0,0,0
449,-10.4228179680976,-1.07128443849406,1.39318844034599,0,0,0
450,-10.1179957343283,-1.19710478976702,1.41373383599381,0,0,0
451,-9.75724051392892,-1.23508389517224,1.47874605467009,0,0,0
452,-9.35883282162028,-1.16013706424694,1.34759546875239,0,0,0
453,-8.9108059714509,-0.969391575863022,1.13704749007817,0,0,0
454,-8.47771382710033,-0.718101366288288,0.942062751713558,0,0,0
455,-8.2093982586617,-0.432293883766227,0.760894009540481,0,0,0
456,-8.13882397107219,-0.176792081237059,0.579985481594294,0,0,0
457,-8.1611580374855,0.0660813123174108,0.473395743898107,0,0,0
458,-8.2848294368763,0.297022407277069,0.45271166114909,0,0,0
459,-8.49284114256456,0.519238040677557,0.455257809994986,0,0,0
460,-8.83183811141434,0.688604198703186,0.516187656957022,0,0,0
461,-9.34097464898273,0.809495482031502,0.51649388510175,0,0,0
462,-9.74302070629815,0.86809141231836,0.381281278927747,0,0,0
463,-9.99397564292262,0.86022356693431,0.317830122112097,0,0,0
464,-10.1452260085551,0.766525044984719,0.401887560856385,0,0,0
465,-10.2106883216852,0.641818515770542,0.478951847656888,0,0,0
466,-10.1181687922439,0.48495717385986,0.524132380718552,0,0,0
467,-9.912645297382,0.337887852918226,0.564903094073427,0,0,0
468,-9.68934157402766,0.208559501505306,0.560471704870041,0,0,0
469,-9.55269671490736,0.125390353016857,0.574020855663417,0,0,0
470,-9.40919247604041,0.026243753012948,0.528763343217372,0,0,0
471,-9.2931731314809,-0.0340416437234275,0.479061965278743,0,0,0
472,-9.19177501615253,-0.0517415427385676,0.411063273166022,0,0,0
473,-9.12700514062707,-0.0123047977117907,0.38387531283962,0,0,0
474,-9.1258099054607,0.0619643899389783,0.465200423625694,0,0,0
475,-9.1022803149168,0.151663988397446,0.492288481140685,0,0,0
476,-9.02229554079345,0.238244578511774,0.474170972130315,0,0,0
477,-8.9971035138095,0.315952180732364,0.45571333035585,0,0,0
478,-8.99782359923412,0.386060518954969,0.435505019111446,0,0,0
479,-9.00330649714214,0.444566247206429,0.464807677742798,0,0,0
480,-9.04526502523812,0.47818717732084,0.468930867980515,0,0,0
481,-9.0564945467888,0.473833382709836,0.507338754277326,0,0,0
482,-9.0652442358793,0.455958734087586,0.538983676465085,0,0,0
483,-9.07350227713949,0.420281884682398,0.575260801247243,0,0,0
484,-9.0847888042783,0.395335774484547,0.588653547491525,0,0,0
485,-9.10298978752873,0.420628403863465,0.518719259136443,0,0,0
486,-9.10977647158163,0.436726602836977,0.464597320067102,0,0,0
487,-9.10335845300523,0.434014462904746,0.437299998398893,0,0,0
488,-9.11327664569222,0.428664909267784,0.374651685315692,0,0,0
489,-9.12065001492232,0.416794929927592,0.349438569581685,0,0,0
490,-9.12320523859925,0.398290002769677,0.331101510483795,0,0,0
491,-9.13786961530956,0.369959940461976,0.263674163084132,0,0,0
492,-9.13722020738034,0.327161225349119,0.335993683907875,0,0,0
493,-9.11905162448853,0.30643272064624,0.342682790521215,0,0,0
494,-9.17859240448386,0.253966613882963,0.223267290974357,0,0,0
495,-9.23379311719571,0.285841379230319,0.143929629594862,0,0,0
496,-9.27896181274964,0.316214349377096,0.119276607493107,0,0,0
497,-9.31971721111435,0.314453757650179,0.103398734180415,0,0,0
498,-9.30656570349843,0.224715330199567,0.0969036059563717,0,0,0
499,-9.30388632897811,0.15884666000409,0.148628753250069,0,0,0
500,-9.35508876160596,0.240317112282644,0.238822346431066,0,0,0
501,-9.40497509159916,0.419058444135856,0.281771385517456,0,0,0
502,-9.46192706723688,0.618200573143636,0.277273230396373,0,0,0
503,-9.5679951549868,0.752449915655496,0.195795378039156,0,0,0
504,-9.65446234990999,0.803398216797936,0.116748527636424,0,0,0
505,-9.7295692559737,0.819946510280208,0.134655797388703,0,0,0
506,-9.7625708598497,0.835019857306713,0.071905883300152,0,0,0
507,-9.73181659494787,0.877156823690305,-0.0434433648436379,0,0,0
508,-9.70277557554946,0.896994755564579,-0.11801659498002,0,0,0
509,-9.65378723615523,0.92067950311446,-0.0730000493734586,0,0,0
510,-9.60701060116664,0.953569324351466,-0.0098262269544442,0,0,0
511,-9.62667502384479,0.936198229990957,0.0852590660840761,0,0,0
512,-9.85328017132232,0.854164346239405,0.370076619744186,0,0,0
513,-10.3906878276464,0.674785132191694,0.912200778120165,0,0,0
514,-11.2299576528246,0.3041502139087,1.37870787787445,0,0,0
515,-12.127803257002,-0.234407837946616,1.55830611829557,0,0,0
516,-12.8046967680577,-0.774263694787091,1.50954758416949,0,0,0
517,-13.0618040498567,-1.30469688424122,1.31840092979232,0,0,0
518,-12.7476859643275,-1.78212989721739,1.20106352107656,0,0,0
519,-11.9882503078466,-2.02367092705075,1.08336996608134,0,0,0
520,-11.0879839929895,-1.87353914492958,0.938350614575362,0,0,0
521,-10.4341060959189,-1.47070376062988,0.718212661281039,0,0,0
522,-9.96500874485828,-1.02592345290409,0.518865117004295,0,0,0
523,-9.66843056942741,-0.67999529094248,0.446024973846815,0,0,0
524,-9.53534499660178,-0.586179638983476,0.549441347983268,0,0,0
525,-9.49300155244933,-0.685851553805316,0.972065046721369,0,0,0
526,-9.4766816776697,-0.921157091545331,1.61796995893753,0,0,0
527,-9.45802117358298,-1.20906260668158,2.1923226437873,0,0,0
528,-9.45987763424292,-1.50579208007765,2.39148891488929,0,0,0
529,-9.42044912879958,-1.73377903356803,2.32601768201712,0,0,0
530,-9.29689210378086,-1.82999971395987,2.30354715311749,0,0,0
531,-9.17655120787145,-1.86080883681281,2.12290941583787,0,0,0
532,-9.0557373111827,-1.83841717011291,1.77912189441899,0,0,0
533,-8.87566640476593,-1.82104846395913,1.53947914376389,0,0,0
534,-8.7204143796787,-1.78280940634438,1.42424331363194,0,0,0
535,-8.69913479943973,-1.69076557674804,1.38583093747049,0,0,0
536,-8.82081860723995,-1.68411948693665,1.40181043442722,0,0,0
537,-9.02323687425808,-1.70539821861703,1.43368334092621,0,0,0
538,-9.32111124264824,-1.74634179934738,1.53066146714197,0,0,0
539,-9.64231236091966,-1.82198488970263,1.48578416667181,0,0,0
540,-9.88011061978816,-1.87845240706431,1.32799780671431,0,0,0
541,-9.94218711198564,-1.90150637700503,1.22219805465684,0,0,0
542,-9.84380296544201,-1.88791795178553,1.2173135655634,0,0,0
543,-9.72365875099668,-1.79334902676269,1.343613076458,0,0,0
544,-9.61046891353384,-1.67373370935256,1.44965893769601,0,0,0
545,-9.52877859807323,-1.54208074171251,1.46320689550307,0,0,0
546,-9.45262187074253,-1.42036643834503,1.40843833408248,0,0,0
547,-9.36767441944212,-1.31972565082351,1.29121152833251,0,0,0
548,-9.21875993326413,-1.21008287405229,1.25014983064304,0,0,0
549,-9.11605600064749,-1.13515388254466,1.26364887096984,0,0,0
550,-9.070592079783,-1.05780359111188,1.28809323908894,0,0,0
551,-9.01408731739295,-1.02896138127621,1.30863929233944,0,0,0
552,-8.97526305128197,-1.06112092568052,1.36059487895913,0,0,0
553,-8.95667008876059,-1.11793882574503,1.30624591101319,0,0,0
554,-8.94826783685749,-1.19184657605892,1.27037341518181,0,0,0
555,-8.90056550138805,-1.22655132000273,1.29061007386103,0,0,0
556,-8.88984506728567,-1.27991132889693,1.27071570312777,0,0,0
557,-8.91480030265837,-1.32748738839183,1.12575539080507,0,0,0
558,-8.93472400542963,-1.34731719901477,1.05351537164227,0,0,0
559,-8.94421737280113,-1.35442467953892,1.01710406732871,0,0,0
560,-8.968175461474,-1.36460883388304,0.915782965016365,0,0,0
561,-8.99039065436297,-1.37075698057844,0.870728922581733,0,0,0
562,-9.02346746736855,-1.40143414821517,0.805381192283062,0,0,0
563,-9.0633762013867,-1.44119422319393,0.75576155025464,0,0,0
564,-9.09421418454529,-1.48563895351723,0.744536574604434,0,0,0
565,-9.15491261125444,-1.49816646551663,0.771693147072932,0,0,0
566,-9.1793904767503,-1.5019823617967,0.681466964404901,0,0,0
567,-9.16352713397521,-1.52952353775193,0.622570250633909,0,0,0
568,-9.10509478623221,-1.53976481241193,0.55459225904185,0,0,0
569,-9.06826877365499,-1.57161534304434,0.52081951293381,0,0,0
570,-8.99494386754581,-1.5899789105949,0.44890201294528,0,0,0
571,-8.92674014099919,-1.62252368904749,0.412754270504871,0,0,0
572,-8.89054543970907,-1.62755656181741,0.363047093624923,0,0,0
573,-8.86486485412987,-1.56533085710449,0.297271927144096,0,0,0
574,-8.77992814227097,-1.51720923805312,0.249734159349542,0,0,0
575,-8.63166822763176,-1.49508987544757,0.256290989759934,0,0,0
576,-8.55968426061807,-1.47133833109074,0.245021648766847,0,0,0
577,-8.55480205830567,-1.48249434596865,0.265454125087804,0,0,0
578,-8.5832926734771,-1.57255340785204,0.312709052689104,0,0,0
579,-8.64127586980607,-1.71266758844983,0.304152627478512,0,0,0
580,-8.74135509508401,-1.83520845243184,0.288249789183469,0,0,0
581,-8.8929997205551,-1.93836890792586,0.268133417302931,0,0,0
582,-8.98016441023533,-1.96131528051562,0.27292637246431,0,0,0
583,-8.96031127156832,-1.93236713907282,0.22771089643376,0,0,0
584,-8.94511690175304,-1.8737270787957,-0.013931845166082,0,0,0
585,-8.97945076669122,-1.88262943670995,-0.260472261751723,0,0,0
586,-9.04653873946726,-1.90381328347315,-0.278376482546286,0,0,0
587,-9.18177477758449,-1.89697871344674,-0.233025163058325,0,0,0
588,-9.34223009678665,-1.96331510407793,-0.236976243356329,0,0,0
589,-9.55600174211,-2.12178313175774,0.1949141999783,0,0,0
590,-10.1506283670841,-2.1641321723185,1.42560093250085,0,0,0
591,-11.3868247513055,-2.00757873815234,2.61229174875561,0,0,0
592,-12.6358125675017,-1.71697314014368,2.49329780068978,0,0,0
593,-12.9169978571412,-1.43002442720412,1.21031425145785,0,0,0
594,-12.3464593478125,-0.988696291443317,-0.105214284447043,0,0,0
595,-11.3467304510648,-0.572394320251533,-0.673028527649544,0,0,0
596,-10.228048535691,-0.490310873758807,-0.235892798171357,0,0,0
597,-9.49473042633054,-0.422313360687852,0.504261128723141,0,0,0
598,-9.21970392230773,-0.274081364071569,1.00099785955537,0,0,0
599,-9.35839217011512,-0.108553813965857,1.42533299497265,0,0,0
600,-9.99196497957232,0.0297528907929412,1.92945858186303,0,0,0
601,-10.6300582789481,0.273459070323301,2.01977575982147,0,0,0
602,-10.7157196441588,0.610887315940734,1.73301591190035,0,0,0
603,-10.4084335477616,0.967526347419805,1.628346701904,0,0,0
604,-10.0712654924856,1.28752209603391,1.88064568968091,0,0,0
605,-9.90255082846831,1.48752426810705,2.22174371868143,0,0,0
606,-9.80657547040293,1.49867507199858,2.19870281081512,0,0,0
607,-9.74139545683742,1.3855293012309,1.90290753250925,0,0,0
608,-9.77294435939318,1.23310980361679,1.59799325858284,0,0,0
609,-9.84150755120461,1.14427015062537,1.44897212900606,0,0,0
610,-9.99955422099384,1.16043924749087,1.34968270264913,0,0,0
611,-10.2582088889841,1.28883937109193,1.20761928061373,0,0,0
612,-10.4673765177017,1.45966263285741,1.14255716345268,0,0,0
613,-10.6249601456772,1.544835374649,1.11743932186554,0,0,0
614,-10.6516236237983,1.51144460787954,1.02931255614855,0,0,0
615,-10.5187478507117,1.41082132293391,0.977576408079487,0,0,0
616,-10.3079459575044,1.27819169288515,1.04033751053037,0,0,0
617,-10.1784651963303,1.12840633869057,1.13565473502956,0,0,0
618,-10.0634290289675,0.941513765509543,1.03827514621705,0,0,0
619,-9.86929678999829,0.703107613091732,1.02974976261657,0,0,0
620,-9.70159828512082,0.504696806584263,0.943928097647522,0,0,0
621,-9.6209084837162,0.372649952082354,0.907685873330124,0,0,0
622,-9.59346602791388,0.342813306819419,1.06354096249183,0,0,0
623,-9.53661788574937,0.330822793437063,1.26246189756803,0,0,0
624,-9.5459593885184,0.33520505807306,1.33012480063694,0,0,0
625,-9.47390182475636,0.372795252575097,1.17890424948716,0,0,0
626,-9.33137997329667,0.448655967237113,1.09713244301251,0,0,0
627,-9.17760166302722,0.560814885255198,1.0788420444907,0,0,0
628,-9.07583979721406,0.705638221545187,1.10365614406671,0,0,0
629,-8.97701501663715,0.829292244531359,1.13479093478901,0,0,0
630,-8.91456576113378,0.898397108851896,1.09421324245684,0,0,0
631,-8.8855144654433,0.918251619399705,1.00382992194158,0,0,0
632,-8.92125877684417,0.875814223707467,0.924656780509875,0,0,0
633,-8.96776829921314,0.838608657738278,0.872876267237311,0,0,0
634,-9.00956331717488,0.776404786539396,0.818764608235278,0,0,0
635,-9.05955296468476,0.692342137839904,0.674531400610339,0,0,0
636,-9.08393237061861,0.611034135735798,0.488949200844865,0,0,0
637,-9.11848474578292,0.572032112205818,0.378729714250565,0,0,0
638,-9.17023197446384,0.577571062270044,0.374337676674161,0,0,0
639,-9.25288508488454,0.556883213555666,0.322660892621846,0,0,0
640,-9.25308166276838,0.542987268685736,0.342809673760945,0,0,0
641,-9.20724169029398,0.472156949653933,0.349437154537602,0,0,0
642,-9.16688064732384,0.386690238713885,0.320429879270657,0,0,0
643,-9.14105074824024,0.327929931236506,0.218839823386345,0,0,0
644,-9.15707074857271,0.307450437094779,0.150824903858508,0,0,0
645,-9.15945525300725,0.364432447570249,0.180514296177114,0,0,0
646,-9.1383901316473,0.431159905724024,0.162167072928136,0,0,0
647,-9.1191994107909,0.475461134178873,0.121259199990255,0,0,0
648,-9.10547454570207,0.564580678341087,0.11183028845298,0,0,0
649,-9.08693522695774,0.681272072707021,0.199874936340299,0,0,0
650,-9.06946298371108,0.728382363759594,0.206685584845836,0,0,0
651,-9.06511645076125,0.769317815599717,0.064542589473987,0,0,0
652,-9.04606729214235,0.797497493677599,0.0166822015021404,0,0,0
653,-9.01740057876105,0.846596624228028,0.0957579332574457,0,0,0
654,-9.02933607001133,0.898663589520332,0.120651554966626,0,0,0
655,-9.06984182261567,0.860644883791567,0.0029822977493917,0,0,0
656,-9.05920210252764,0.816427526504923,-0.118552850246332,0,0,0
657,-9.03082032213158,0.735031436450606,-0.111709254705111,0,0,0
658,-9.08301195371503,0.655572796138935,-0.140660095260724,0,0,0
659,-9.23231446742574,0.561609451929934,-0.208120520995145,0,0,0
660,-9.36263105119924,0.46830680965758,-0.172282870275518,0,0,0
661,-9.40940459414984,0.469632927518511,-0.153893326072721,0,0,0
662,-9.41338652070192,0.477080340332126,-0.205554307472166,0,0,0
663,-9.47173953774816,0.53550360406872,-0.203804846418998,0,0,0
664,-9.63063631710112,0.623876621742124,-0.176496272361337,0,0,0
665,-9.7919024185553,0.698526505037827,-0.257777059067274,0,0,0
666,-9.91250912380859,0.793110914751787,-0.314067413845493,0,0,0
667,-9.97050650901512,0.876953851276737,-0.237424162823818,0,0,0
668,-10.0076210927509,0.903981320686565,-0.271598361199863,0,0,0
669,-10.0146709800288,0.908383635323135,-0.260402680794296,0,0,0
670,-9.99296796893035,0.895667693099192,-0.210132099255489,0,0,0
671,-10.0336360938751,0.891739102277803,-0.305057714964665,0,0,0
672,-10.1229572410014,0.795834810317456,-0.203552070101243,0,0,0
673,-10.4242380498575,0.470305092711796,-0.0312563817300508,0,0,0
674,-10.8745063516269,0.00096164613711503,-0.1073450711155,0,0,0
675,-11.0800235765516,-0.315933290349526,-0.17404514740936,0,0,0
676,-11.021137608012,-0.398868588380417,-0.0841386792016593,0,0,0
677,-10.9994184390919,-0.340729179453621,0.0513959355359764,0,0,0
678,-11.1485142427122,-0.352232934769237,0.112294984678087,0,0,0
679,-11.3136581054837,-0.462043444110527,0.209640405779964,0,0,0
680,-11.3845505850686,-0.548647057820455,0.11482304209181,0,0,0
681,-11.2921123870138,-0.566084721969608,-0.0570653930198566,0,0,0
682,-11.0476487991179,-0.507442941291119,-0.116207589042621,0,0,0
683,-10.8716447248641,-0.457838321941806,0.051241984255514,0,0,0
684,-10.7790744519714,-0.489058436670458,0.331179856584126,0,0,0
685,-10.6974094328307,-0.602055587917262,0.532741212494089,0,0,0
686,-10.5787884961704,-0.746636409765911,0.785390574647118,0,0,0
687,-10.5063481561326,-0.921263850358248,0.941273843221581,0,0,0
688,-10.4683626859665,-1.15771361198001,1.09979254480831,0,0,0
689,-10.3922814670862,-1.42245019864098,1.37999098018365,0,0,0
690,-10.3154571674603,-1.69796636373722,1.73727840201079,0,0,0
691,-10.1951336176127,-1.93223461440784,1.94043364851279,0,0,0
692,-10.0164618918003,-2.11976866962992,2.04205543363581,0,0,0
693,-9.75758031954521,-2.22052298927321,2.0940328687532,0,0,0
694,-9.48863088309095,-2.21986330989223,2.09187972081115,0,0,0
695,-9.21402116467572,-2.21805116930729,2.17958941987768,0,0,0
696,-8.96514417007574,-2.14824061413983,2.305734665226,0,0,0
697,-8.73440872294107,-2.04166141817928,2.29878670376848,0,0,0
698,-8.47943748165445,-1.91996899161159,2.16287823733548,0,0,0
699,-8.21607471824346,-1.69169654071719,1.89181175888301,0,0,0
700,-8.02650456392228,-1.45462042630146,1.71723748609909,0,0,0
701,-7.95661239125604,-1.28207260861475,1.50940965022366,0,0,0
702,-7.9639870575339,-1.2504935672122,1.34666840131641,0,0,0
703,-8.09220989116513,-1.38060091707765,1.28836104707391,0,0,0
704,-8.31713678740451,-1.57502501272087,1.19140790978272,0,0,0
705,-8.58392581880651,-1.77247799320149,1.22370317089037,0,0,0
706,-8.96567912188122,-1.91306336185025,1.35255791260844,0,0,0
707,-9.45557672282088,-2.00380116730577,1.34630042667566,0,0,0
708,-9.94497231452841,-2.13742979985821,1.32869980068148,0,0,0
709,-10.280861174659,-2.28027509541453,1.28390410294622,0,0,0
710,-10.3532105127741,-2.41862517069227,1.25915966709031,0,0,0
711,-10.2504586397797,-2.44424858174012,1.20529628165072,0,0,0
712,-10.0951344853413,-2.32589317446172,1.17090086249797,0,0,0
713,-9.93210685536075,-2.15182892624452,1.13399040215332,0,0,0
714,-9.69907931161816,-1.95626286672048,1.05534448280804,0,0,0
715,-9.45978104943175,-1.71995598905915,1.02086307954625,0,0,0
716,-9.31451673713528,-1.52482808309373,0.981970840662644,0,0,0
717,-9.25085355471281,-1.4179458581326,0.966004601997411,0,0,0
718,-9.16554502706005,-1.38552240575752,1.0518348892615,0,0,0
719,-9.04145975324912,-1.40120099176688,1.03586312669211,0,0,0
720,-8.84475386315831,-1.43133173266965,0.988334469669485,0,0,0
721,-8.69037613281525,-1.49914468349587,1.08768110167034,0,0,0
722,-8.64867839371148,-1.59467313245993,1.14854479391823,0,0,0
723,-8.6828872726673,-1.70874207854845,1.13062053646714,0,0,0
724,-8.69023143115679,-1.8097322166808,1.08556159583189,0,0,0
725,-8.61916126570322,-1.84176133995923,1.03840636368509,0,0,0
726,-8.53701004390975,-1.78032153215424,0.848374329221099,0,0,0
727,-8.36669845394199,-1.72015015138646,0.671932076216719,0,0,0
728,-8.16074945667828,-1.71602914534601,0.674434544926696,0,0,0
729,-8.0240817578839,-1.73274884326078,0.581181912490737,0,0,0
730,-7.87826968994518,-1.76793836315758,0.421149657909348,0,0,0
731,-7.74511354189003,-1.76320229166896,0.441479701637006,0,0,0
732,-7.76131427844321,-1.72004872607028,0.620063986784342,0,0,0
733,-7.93885384597005,-1.65487333066925,0.895465014577512,0,0,0
734,-8.24813828849955,-1.54506412040716,1.20694842953539,0,0,0
735,-8.6824989249719,-1.32914971821684,1.417054483563,0,0,0
736,-9.2521937764322,-0.962539967234201,1.68590820821046,0,0,0
737,-9.87948044485714,-0.62571739648137,1.43545625530957,0,0,0
738,-10.2062005166464,-0.363971212674012,1.1145821930684,0,0,0
739,-10.2988521789149,-0.221036163971796,1.2996941186307,0,0,0
740,-10.4560319263311,-0.26116221270775,1.27725573333393,0,0,0
741,-10.6072148850747,-0.553610941324398,1.5011707445652,0,0,0
742,-10.7905442850246,-0.992496073586099,2.1677540827947,0,0,0
743,-11.2348870708561,-1.52251521187675,2.6928877512433,0,0,0
744,-11.7113381165931,-2.14383361743437,2.87935246145056,0,0,0
745,-11.7126821595842,-2.58161016187575,2.69028940046885,0,0,0
746,-11.1243120470801,-2.62773966315729,2.21733880959373,0,0,0
747,-10.2731373743078,-2.10589821357355,1.7307186610086,0,0,0
748,-9.57010805229935,-1.22441705987803,1.26404598787718,0,0,0
749,-9.1078727104013,-0.253958182045784,0.964476834097297,0,0,0
750,-8.88619227113845,0.558824001193161,0.965913789177353,0,0,0
751,-8.83493448003953,1.14458050112105,1.08721811400495,0,0,0
752,-9.00989266115647,1.4706916367763,0.94666745625198,0,0,0
753,-9.27974713863391,1.62222917826274,0.737022949251062,0,0,0
754,-9.52790729814083,1.62171208445347,0.610612436082308,0,0,0
755,-9.67773280249821,1.55921733403487,0.558928024957766,0,0,0
756,-9.79858982517811,1.47529273498884,0.626662140511296,0,0,0
757,-9.85742530734094,1.34807901475986,0.662973991071931,0,0,0
758,-9.94870348131112,1.13366078281157,0.758123206409167,0,0,0
759,-10.0980208526519,0.861445077973031,0.762837322243442,0,0,0
760,-10.2663116885431,0.59768104275138,0.741125879196512,0,0,0
761,-10.3568811237897,0.420642895936012,0.695722039637746,0,0,0
762,-10.3299525925211,0.353739332421448,0.691739777381681,0,0,0
763,-10.1657486975687,0.382634056017426,0.598998621845162,0,0,0
764,-9.91670166506809,0.484613050195281,0.605692745145046,0,0,0
765,-9.65584652849818,0.600686288867251,0.692997923893207,0,0,0
766,-9.48834545975656,0.687679832216328,0.692697508137989,0,0,0
767,-9.37118935277891,0.717592256685395,0.731175972501361,0,0,0
768,-9.28538104539842,0.718524388262841,0.83736680785527,0,0,0
769,-9.19943087341477,0.687644283368713,0.893710616179367,0,0,0
770,-9.1376507777197,0.632686077452371,0.893728102451143,0,0,0
771,-9.05729485589065,0.557388211079452,0.893851021846173,0,0,0
772,-8.97409197503084,0.53063368492506,0.974844501873538,0,0,0
773,-8.9620171030788,0.503776038933966,1.04507279894206,0,0,0
774,-9.02696133561094,0.475596257612816,1.05869743918835,0,0,0
775,-9.14024749855714,0.486115098507946,0.993071040705179,0,0,0
776,-9.17673708687849,0.513750160998985,0.93208438313188,0,0,0
777,-9.14355336505501,0.565092772619631,0.945655091882337,0,0,0
778,-9.19005505883361,0.658065680380482,1.08345568944554,0,0,0
779,-9.3943538920509,0.765169445100344,1.10625492485202,0,0,0
780,-9.66369507193704,0.818950921061473,0.982059653160965,0,0,0
781,-9.80422689074047,0.852564791179574,0.936849887131391,0,0,0
782,-9.89471682547451,0.885779643742347,0.869213736073888,0,0,0
783,-9.92179699192999,0.888507434424469,0.833091771047976,0,0,0
784,-9.88933924439708,0.859144722244189,0.835552373062339,0,0,0
785,-9.89080668089102,0.775469801541922,0.774372680117542,0,0,0
786,-9.91800393415347,0.663858682869644,0.634574805715072,0,0,0
787,-9.97737442340944,0.575012595832689,0.535332047034957,0,0,0
788,-10.0494121707126,0.567184965273923,0.544422567465927,0,0,0
789,-10.1016898608093,0.565348785953997,0.591696414183048,0,0,0
790,-10.1294251795792,0.505672370825373,0.607877587534614,0,0,0
791,-10.1476126753212,0.3869658723744,0.65780095348507,0,0,0
792,-10.132472519368,0.244360867027878,0.802202292063257,0,0,0
793,-10.1301360416392,0.134639422445313,0.906500143306311,0,0,0
794,-10.140014047698,0.0470799370483687,0.951771285668764,0,0,0
795,-10.1055329313701,-0.00998249171628267,1.05334852375053,0,0,0
796,-10.0486120363685,-0.0766923670229483,1.24742676342592,0,0,0
797,-10.024530865028,-0.153340248090656,1.44192056440399,0,0,0
798,-10.032041391204,-0.29341595190613,1.67667942664322,0,0,0
799,-10.1060263094504,-0.449481408130953,1.77410881254248,0,0,0
800,-10.1639837326622,-0.630663886817266,1.81273613466955,0,0,0
801,-10.1624628360334,-0.738837773175734,1.86696086036279,0,0,0
802,-10.0807620964474,-0.769354232677299,1.83080191246201,0,0,0
803,-9.92004636142969,-0.782867780894324,1.86026127716854,0,0,0
804,-9.72014295183409,-0.773229111131342,1.88467671450121,0,0,0
805,-9.59082018141999,-0.788233540151473,1.68378445066006,0,0,0
806,-9.43453404503645,-0.849435397961987,1.52545486878273,0,0,0
807,-9.23191191196665,-0.976461219665487,1.43049981341664,0,0,0
808,-9.03658374160853,-1.15419318181724,1.21402356085462,0,0,0
809,-8.87070798243792,-1.34752875540421,0.970289902712691,0,0,0
810,-8.70523307063019,-1.52983091386301,0.751293172382215,0,0,0
811,-8.60909734027837,-1.66238509765659,0.626763903379684,0,0,0
812,-8.59929217687596,-1.76922401327587,0.514521277583241,0,0,0
813,-8.62995218922234,-1.85910290692881,0.428522455084359,0,0,0
814,-8.66973477557696,-1.90789082450575,0.410532361201902,0,0,0
815,-8.73246599784849,-1.93156018634076,0.376720776430901,0,0,0
816,-8.81051858352848,-1.94542279334979,0.327388860424535,0,0,0
817,-8.8865884018603,-1.90689141415955,0.335949488761846,0,0,0
818,-8.94590131332273,-1.85177387616249,0.320216824943586,0,0,0
819,-8.97370409189575,-1.80636630520311,0.324704062166108,0,0,0
820,-9.04456601506375,-1.76044308870805,0.331381324416223,0,0,0
821,-9.1326130587843,-1.75221386180881,0.284001077689067,0,0,0
822,-9.17282230693277,-1.73751000762594,0.275267915032694,0,0,0
823,-9.17129122040444,-1.68347626049952,0.347580062272764,0,0,0
824,-9.15456017468549,-1.63252417466625,0.451215559385568,0,0,0
825,-9.19158494709981,-1.60315735747209,0.536841614746432,0,0,0
826,-9.23199423175823,-1.59324641892809,0.63868641151811,0,0,0
827,-9.29788818704621,-1.56526666613219,0.704198911889419,0,0,0
828,-9.40495704099895,-1.50971435289381,0.665718918957066,0,0,0
829,-9.49006970014278,-1.41179718010698,0.789892567089205,0,0,0
830,-9.57410822490117,-1.32887605496644,0.900914478239127,0,0,0
831,-9.63111913333394,-1.21653308520921,0.952299313448117,0,0,0
832,-9.58727967383687,-1.10667459964897,1.08117954544839,0,0,0
833,-9.57074033973208,-1.00569371049335,1.17149944307587,0,0,0
834,-9.58185528304432,-0.929893712776586,1.22976553224548,0,0,0
835,-9.71851341923001,-0.935946700054123,1.26638310253091,0,0,0
836,-9.97237988368937,-1.01756458105813,1.22579316214911,0,0,0
837,-10.127349515181,-1.16979832423723,1.24657716866912,0,0,0
838,-10.2707778705394,-1.37458477611043,1.53598709888148,0,0,0
839,-10.5532184133461,-1.60373488793176,1.84603298796042,0,0,0
840,-10.8831540733856,-1.86634439103887,1.94571870043292,0,0,0
841,-11.06646798202,-2.09931261347341,1.86703915419593,0,0,0
842,-10.9906419005435,-2.19735990523447,1.83537807934164,0,0,0
843,-10.5610481450154,-2.10280377958332,1.80356218941543,0,0,0
844,-10.0429334626254,-1.83986015445475,1.6986620192682,0,0,0
845,-9.55214324685048,-1.49917372264182,1.63708650608348,0,0,0
846,-9.12204387137463,-1.16868911109331,1.53264957481929,0,0,0
847,-8.85256028714646,-0.943441987636936,1.38551909243248,0,0,0
848,-8.68603008226557,-0.816187471801928,1.24495434652023,0,0,0
849,-8.59511444428262,-0.805558127598101,1.13459612291328,0,0,0
850,-8.52077759451925,-0.836509996709787,1.08912063418261,0,0,0
851,-8.43444714148971,-0.837325913235864,1.06450768559043,0,0,0
852,-8.34579965529464,-0.767213674489606,1.06644066529723,0,0,0
853,-8.34452022851881,-0.583132305182263,1.10680190873448,0,0,0
854,-8.50221179276084,-0.342701464458633,1.14711302302686,0,0,0
855,-8.78274396825437,-0.0716842041666412,1.11370758586993,0,0,0
856,-9.08992503843076,0.161481328293149,1.09501935634141,0,0,0
857,-9.3214680389692,0.396868490559691,1.024906708641,0,0,0
858,-9.47381099296824,0.631246778547326,0.873529960851986,0,0,0
859,-9.60659246830554,0.926279859203587,0.647639403464898,0,0,0
860,-9.7662523216235,1.26084553853954,0.409756705267778,0,0,0
861,-9.98690850552346,1.56873974004371,0.382858711176768,0,0,0
862,-10.1184278014446,1.73017991558116,0.296755174656414,0,0,0
863,-10.0872634718162,1.80924988377994,0.206694240629048,0,0,0
864,-9.93153664128938,1.76109509453487,0.258298885190032,0,0,0
865,-9.61342347452641,1.56856008665164,0.418361407161933,0,0,0
866,-9.43973768495871,1.30975634118762,0.518092042325282,0,0,0
867,-9.41524052132623,1.03709978343615,0.572475694408629,0,0,0
868,-9.35186833707882,0.780297726114501,0.658822087280852,0,0,0
869,-9.30692277001037,0.496010281487772,0.767410268451004,0,0,0
870,-9.40705968629472,0.156175956261422,0.919355491337776,0,0,0
871,-9.58067937367992,-0.174534015560615,0.987196342832486,0,0,0
872,-9.67327978092512,-0.445098329240642,1.05530355280654,0,0,0
873,-9.7451516936318,-0.5694026995932,1.20483726441181,0,0,0
874,-9.80796958643783,-0.634329904940781,1.38534678756954,0,0,0
875,-9.88552701686707,-0.567698339126345,1.39671587294278,0,0,0
876,-9.97338527733383,-0.381093967439807,1.32242536296386,0,0,0
877,-10.0366136614225,-0.0967605269680535,1.27021738314295,0,0,0
878,-10.0983528547095,0.195942335707867,1.23578063199926,0,0,0
879,-10.0971871616521,0.427890519978544,1.19958716226962,0,0,0
880,-10.0640001030228,0.557009236261422,1.14709694042734,0,0,0
881,-10.0639086244371,0.579963540065489,1.0659556102703,0,0,0
882,-10.0649817181329,0.494351863221605,1.07724448435782,0,0,0
883,-10.0683603881981,0.310425708332303,1.11151317339976,0,0,0
884,-10.0851720568509,0.0606453739483533,1.06633134385818,0,0,0
885,-10.0193480977001,-0.207433962193838,1.13687677195596,0,0,0
886,-9.93064326837234,-0.406939648111827,1.18210594474468,0,0,0
887,-9.82059123887436,-0.491489855392907,1.14617748384648,0,0,0
888,-9.71868587989952,-0.526966041554604,1.05796745775162,0,0,0
889,-9.63572182673623,-0.62250784064635,1.02423156627995,0,0,0
890,-9.65883582871948,-0.739224648685863,1.03330962200341,0,0,0
891,-9.75665356823496,-0.797894112701738,0.981682184079677,0,0,0
892,-9.80337998618781,-0.839936043348295,1.06758352642264,0,0,0
893,-9.76897043583101,-0.906198918157437,1.19391922097076,0,0,0
894,-9.74971340011519,-0.955590832492568,1.19189215595579,0,0,0
895,-9.74571995811229,-0.962995943749726,1.22322988192601,0,0,0
896,-9.64365426231212,-0.955078603335588,1.37486047442036,0,0,0
897,-9.46411751161708,-0.968008254474112,1.44429228998072,0,0,0
898,-9.26680926763259,-1.02038554199708,1.34493536699307,0,0,0
899,-9.05323465471192,-1.07483987190418,1.18703891090485,0,0,0
900,-8.83143077401897,-1.11875717475534,1.03561436926658,0,0,0
901,-8.6153945153405,-1.11357756591185,0.958481868491484,0,0,0
902,-8.52191001814164,-1.12094622079068,0.816522439659655,0,0,0
903,-8.60627344894373,-1.12943365724872,0.581118900722307,0,0,0
904,-8.75055974344026,-1.1360539032714,0.386888054118868,0,0,0
905,-8.90241390360814,-1.18228457557976,0.208901126938291,0,0,0
906,-9.01223904339901,-1.3396676167078,-0.0233937202276031,0,0,0
907,-9.07233001640584,-1.52970175660094,-0.258139339358773,0,0,0
908,-9.14358250543288,-1.74691116234835,-0.305484844398375,0,0,0
909,-9.30620972869474,-1.96170703890018,-0.18731349102645,0,0,0
910,-9.47590481349426,-2.11707478687719,-0.144510615168181,0,0,0
911,-9.60487294696041,-2.17715577067661,-0.175592407019085,0,0,0
912,-9.6512480976435,-2.10907945548573,-0.234453961170456,0,0,0
913,-9.56853376331631,-1.9716453862728,-0.363782875275152,0,0,0
914,-9.45900074282019,-1.78703934400269,-0.359632603276756,0,1,0
915,-9.35099134332235,-1.59718162102705,-0.350580677848161,0,1,0
916,-9.23413176115161,-1.44408936010292,-0.418676024026901,0,1,0
917,-9.11613708303557,-1.33791511559998,-0.427804614314283,0,1,0
918,-9.09554875630503,-1.3425392441739,-0.448043159936037,0,1,0
919,-9.09607443361684,-1.42769155218722,-0.346121930549855,0,1,0
920,-9.09848760794037,-1.46440400336025,-0.131808745147215,0,1,0
921,-9.08743720640743,-1.41692437839269,-0.0344572274882276,0,1,0
922,-9.01297535319829,-1.33812110730332,0.123121480186908,0,1,0
923,-9.05664713859191,-1.17626896001692,0.791515644958613,0,1,0
924,-9.74644622012018,-0.95710866050553,1.86230445769095,0,1,0
925,-11.1722561189625,-0.808635606473873,2.29438712854122,0,1,0
926,-12.4210270798969,-0.929088541474996,2.05622217304919,0,1,0
927,-12.7850696661421,-1.30097541802013,1.85791615295895,0,1,0
928,-12.1902358274175,-1.7637622828698,1.61446967284445,0,1,0
929,-10.6008561438698,-1.87267543267476,1.45994629609501,0,1,0
930,-8.87860952895351,-1.57728899351166,1.52840602701324,0,1,0
931,-7.9936550783476,-1.20469938404003,1.36715778668729,0,1,0
932,-7.80551821717789,-0.889036776165257,1.11787050601601,0,1,0
933,-7.855229450425,-0.712320938301701,0.941738656235876,0,1,0
934,-7.9587192253464,-0.591428442298488,0.704432621444453,0,1,0
935,-8.25116215813626,-0.512633163857258,0.492044502336772,0,1,0
936,-8.64020893768564,-0.400013753131416,0.440525583322543,0,1,0
937,-8.97523745382228,-0.311267701469014,0.515283050931017,0,1,0
938,-9.32083357395291,-0.267347087516734,0.626232218025787,0,1,0
939,-9.52908935047863,-0.230409905251457,0.612683597027906,0,1,0
940,-9.54020205353092,-0.0883874845411923,0.587791779482551,0,1,0
941,-9.59209668448958,0.17983470621717,0.533238423938825,0,1,0
942,-9.78243952977593,0.486108212892441,0.273013352450985,0,1,0
943,-10.1067402624901,0.800478579730843,-0.0384011990234703,0,1,0
944,-10.3143882158846,1.06656080040858,-0.111014843375085,0,1,0
945,-10.3799394279998,1.21372582236867,-0.0908009764719047,0,1,0
946,-10.2749661941903,1.27032056552701,0.0423244516558061,0,1,0
947,-9.97787122927669,1.17797686185075,0.069424982162231,0,1,0
948,-9.78965425145508,0.979452686305491,-0.0411583794798852,0,1,0
949,-9.83186342925503,0.66315994787692,-0.0272417997755734,0,1,0
950,-9.88552024228135,0.349082781489671,0.192209607106233,0,1,0
951,-9.85879039096438,0.167702192266565,0.505940044327215,0,1,0
952,-9.83937118810151,-0.0348058042878438,0.931043319412446,0,1,0
953,-9.94680894114226,-0.386521522170357,1.25436920487656,0,1,0
954,-10.1463684939173,-0.889393772368337,1.39045649852477,0,1,0
955,-10.2798035686757,-1.42001333886143,1.41821365742236,0,1,0
956,-10.2380479334518,-1.9267118808429,1.28979577525043,0,1,0
957,-10.0409750302277,-2.33581376596881,1.04429970423129,0,1,0
958,-9.74065811989477,-2.51620048059177,0.847604425698809,0,1,0
959,-9.53255100513453,-2.43661700425711,0.695864210264984,0,1,0
960,-9.56402560383861,-2.10926735109511,0.546855893297812,0,1,0
961,-9.79696748405224,-1.62625743949479,0.521844679976515,0,1,0
962,-10.0264358034039,-1.14657666750981,0.591212374421219,0,1,0
963,-10.1164604051882,-0.781542621495543,0.626731249034086,0,1,0
964,-10.0856391022585,-0.531509508632285,0.563686190735444,0,1,0
965,-9.98314850795555,-0.337867839431342,0.452548829958455,0,1,0
966,-9.82019851974513,-0.253168652754522,0.569699460546494,0,1,0
967,-9.69757718811281,-0.304741690510401,0.861124939336805,0,1,0
968,-9.59174735942347,-0.466656083433766,1.05301372869855,0,1,0
969,-9.49799899168158,-0.672577066551152,1.07133539815943,0,1,0
970,-9.40223041422634,-0.837659725230685,1.05818408808107,0,1,0
971,-9.28493684640801,-0.990364014579445,1.04913859823655,0,1,0
972,-9.13913520435928,-1.06668089858619,0.997271899207775,0,1,0
973,-9.01589639801474,-1.039738602003,0.90210921050019,0,1,0
974,-9.00494952686512,-0.859655965996019,0.680666352189142,0,1,0
975,-9.16462262050427,-0.634751464493718,0.379853421140448,0,1,0
976,-9.36873405553891,-0.369772508204675,0.258130500902406,0,1,0
977,-9.58521405377467,-0.103366502299771,0.20594675518178,0,1,0
978,-9.76338767265049,0.189769495873543,0.158419675256493,0,1,0
979,-9.82002227653334,0.482942750931039,0.146852041943287,0,1,0
980,-9.8129335075423,0.71396197200644,0.162217495083943,0,1,0
981,-9.69939215291892,0.797368324828159,0.317894482026602,0,1,0
982,-9.43909208474886,0.713968140943988,0.584225226213438,0,1,0
983,-9.15580960048246,0.502625856133772,0.869034541065401,0,1,0
984,-8.96114302056152,0.168690647481608,1.16061636535336,0,1,0
985,-8.94593161239642,-0.248122733201935,1.44995611699351,0,1,0
986,-9.05285203820937,-0.72727943514454,1.65174173109042,0,1,0
987,-9.15142240034796,-1.2231187640892,1.73109966538046,0,1,0
988,-9.20004217853568,-1.66456007161217,1.50367749367741,0,1,0
989,-9.19602403698967,-2.01915725283815,1.06824450952198,0,1,0
990,-9.17842230200984,-2.25050197096163,0.614507031755607,0,1,0
991,-9.18879674580021,-2.27900489859104,0.266821400904802,0,1,0
992,-9.20740147646056,-2.14885302052142,0.0856222671290589,0,1,0
993,-9.25343498079366,-1.91603047283551,0.0992467401358248,0,1,0
994,-9.43666208288924,-1.60279018643636,0.0674147828498998,0,1,0
995,-9.67567925963088,-1.33828906094029,0.0423506810787459,0,1,0
996,-9.89296711918566,-1.15503600343116,0.159745571536456,0,1,0
997,-10.080325058116,-1.07462079024463,0.338791339699795,0,1,0
998,-10.1810317170801,-1.02416134514064,0.41078872612711,0,1,0
999,-10.2165530502585,-0.933881403662643,0.439980937420296,0,1,0
1000,-10.1805692331749,-0.818030519885838,0.516431877056957,0,1,0
1001,-10.1078698187926,-0.702185317915466,0.566045034456973,0,1,0
1002,-9.97334377240291,-0.641221210595586,0.543401336277136,0,1,0
1003,-9.74915526714483,-0.584516624733929,0.504603218136081,0,1,0
1004,-9.55611772653839,-0.64349556331947,0.51602347168485,0,1,0
1005,-9.42320257442865,-0.776100158653157,0.568023439103123,0,1,0
1006,-9.32622197664186,-0.94219968206565,0.606338848583759,0,1,0
1007,-9.32373826595463,-1.12021487525825,0.617627045708407,0,1,0
1008,-9.33381261322434,-1.28344536150011,0.654330256406406,0,1,0
1009,-9.33681763449529,-1.40527146534573,0.760422265110049,0,1,0
1010,-9.33943007265313,-1.4879522400215,0.857919110215465,0,1,0
1011,-9.43192428840274,-1.51156662444251,0.880399193109139,0,1,0
1012,-9.55990912637182,-1.49757132992308,0.946352145169772,0,1,0
1013,-9.68474533725276,-1.48945112998279,1.0432566983877,0,1,0
1014,-9.74501634089287,-1.42606891885728,1.0316484452314,0,1,0
1015,-9.68132482591295,-1.27125655260433,1.03408358452849,0,1,0
1016,-9.56800836684003,-1.05544549865824,1.05617193346211,0,1,0
1017,-9.53221390647991,-0.89864642783124,1.03339532139242,0,1,0
1018,-9.54512184230844,-0.785848957103373,1.03337966732396,0,1,0
1019,-9.57136375578366,-0.688662933698785,1.12147354175412,0,1,0
1020,-9.61652197703489,-0.598809709094693,1.16393709841204,0,1,0
1021,-9.62835247266104,-0.564902414405638,1.16842597409531,0,1,0
1022,-9.52054511217243,-0.509996887317807,1.08943755699463,0,1,0
1023,-9.36475174255141,-0.391198103703339,0.960372852433815,0,1,0
1024,-9.24931327849738,-0.264696691752421,0.906051647122042,0,1,0
1025,-9.22098577214509,-0.103890984245329,0.916865997491574,0,1,0
1026,-9.28310898505787,0.140410020844338,0.79939342478188,0,1,0
1027,-9.42085764209233,0.45785242692591,0.711254997612417,0,1,0
1028,-9.54290226141717,0.740689684607819,0.668025629502736,0,1,0
1029,-9.62198224715213,1.0000560527437,0.710522038764677,0,1,0
1030,-9.71814456893366,1.2354857236554,0.82561846985241,0,1,0
1031,-9.86178546723753,1.45792558572239,0.827639324756804,0,1,0
1032,-9.94976064486,1.64220477204277,0.6764659673497,0,1,0
1033,-9.83090846487491,1.78584992757598,0.614963418666383,0,1,0
1034,-9.55889897036066,1.84671746302684,0.700639702212047,0,1,0
1035,-9.33806041567986,1.75837960136937,0.624084642923315,0,1,0
1036,-9.2268591782329,1.54250276089464,0.535867424546253,0,1,0
1037,-9.23207432811313,1.29738521161751,0.513449969297816,0,1,0
1038,-9.28062499488827,1.0821946867756,0.495546547270477,0,1,0
1039,-9.36241073270711,0.877223933774504,0.572900177722794,0,1,0
1040,-9.48590487812797,0.664998882383952,0.661003709873523,0,1,0
1041,-9.64852303651395,0.473070904074295,0.824510878794024,0,1,0
1042,-9.86960394066445,0.321194203976732,0.987340267389445,0,1,0
1043,-10.2110657850889,0.216213420004861,0.994262915075946,0,1,0
1044,-10.4774801651518,0.121997990927429,1.02409389113853,0,1,0
1045,-10.6348711138319,0.0633451034359095,1.1528075262078,0,1,0
1046,-10.7646453367583,0.00255510180277409,1.11682152476213,0,1,0
1047,-10.7346171048721,-0.00629192587916377,0.882112065609645,0,1,0
1048,-10.5607666701995,0.12132621484794,0.818620614931092,0,1,0
1049,-10.4170244546444,0.403983205477164,0.919666995037051,0,1,0
1050,-10.4090784327851,0.722711343939697,0.885251239027004,0,1,0
1051,-10.3460939925543,0.922574959351059,0.851502334984109,0,1,0
1052,-10.2018509854831,0.899536998623663,0.90996144829741,0,1,0
1053,-10.0684050510762,0.733173461148889,0.991358486552165,0,1,0
1054,-9.92634550487942,0.470314029624478,0.96679594805658,0,1,0
1055,-9.69415240134742,0.192126576553444,1.10696915467068,0,1,0
1056,-9.43038078985254,-0.0500633331033924,1.27673162425877,0,1,0
1057,-9.2315010575265,-0.269985820096274,1.37808632856349,0,1,0
1058,-9.07302606158726,-0.486755645802985,1.43438936107066,0,1,0
1059,-8.90606528052249,-0.729385159460138,1.38287665708444,0,1,0
1060,-8.72065682301827,-0.921561530105425,1.33533682165963,0,1,0
1061,-8.51553472115812,-1.03928092462261,1.25863015407332,0,1,0
1062,-8.25341935731688,-1.08418832695271,1.24485647937069,0,1,0
1063,-8.00954125041401,-1.08785291553395,1.12960685341439,0,1,0
1064,-7.84093642899761,-1.05907071706934,0.898993699287903,0,1,0
1065,-7.82952325386994,-1.04532672324946,0.659659044755316,0,0,0
1066,-8.02633182539155,-1.01060432706456,0.442833589713354,0,0,0
1067,-8.38204920241534,-1.03602859458509,0.208205669395366,0,0,0
1068,-8.76525725778274,-1.13690415809277,0.00107014559343223,0,0,0
1069,-9.11446741193754,-1.31351548847403,-0.145510360990267,0,0,0
1070,-9.4402750574356,-1.52849647545367,-0.328106039205496,0,0,0
1071,-9.67800236903453,-1.71516488609093,-0.483395738265611,0,0,0
1072,-9.82690036150098,-1.81108971722911,-0.491936550937763,0,0,0
1073,-9.94594070671169,-1.87034207399467,-0.370026421139468,0,0,0
1074,-10.0557234525426,-1.94089731686124,-0.329418503688111,0,0,0
1075,-10.1288320425699,-1.98414425599095,-0.304187832352448,0,0,0
1076,-10.1202287676955,-2.00745060470416,-0.345211929587179,0,0,0
1077,-10.0282066556789,-1.96368823211973,-0.458151058071691,0,0,0
1078,-9.82915973256038,-1.84984978880827,-0.462824539238818,0,0,0
1079,-9.64504220915385,-1.67774982228492,-0.409022086000366,0,0,0
1080,-9.48302414799479,-1.54363353825657,-0.409467426431899,0,0,0
1081,-9.30035508313382,-1.49878189963921,-0.298577660311857,0,0,0
1082,-9.23106072981284,-1.50973673764238,-0.0369092537154877,0,0,0
1083,-9.30729906805721,-1.54006676504923,0.0580338446830368,0,0,0
1084,-9.3045692325009,-1.54655076539494,0.119214074253945,0,0,0
1085,-9.16783315901643,-1.46983590880269,0.39261793303517,0,0,0
1086,-9.06159509623578,-1.3961313430326,0.97950292534946,0,0,0
1087,-9.42419712665678,-1.16851859029654,2.12478477533128,0,0,0
1088,-10.7505690116396,-0.8181400607767,2.8317520015283,0,0,0
1089,-12.3311549761239,-0.66357054853132,2.19572087198637,0,0,0
1090,-12.6052604533566,-0.829199672355557,1.66992757373301,0,0,0
1091,-11.619234184706,-1.12381603458855,1.8323933851277,0,0,0
1092,-10.1778561646046,-1.33001387889815,1.89235027297201,0,0,0
1093,-9.02194219702045,-1.25633504649306,1.73801533369908,0,0,0
1094,-8.4165615290668,-1.04119889418553,1.36914068082687,0,0,0
1095,-8.29027602130229,-0.874036773673509,0.960172855670185,0,0,0
1096,-8.32968960522503,-0.810379875254216,0.716109284571841,0,0,0
1097,-8.43377362042097,-0.758724109359097,0.59661185468297,0,0,0
1098,-8.62330815649496,-0.737419672945676,0.556157387897547,0,0,0
1099,-8.9000416471181,-0.668240593727242,0.691589114649859,0,0,0
1100,-9.37102584481917,-0.559693248355191,0.960556608383831,0,0,0
1101,-9.94556888059182,-0.442351197352909,1.06706244484039,0,0,0
1102,-10.286656999702,-0.293303564830709,1.06693853839965,0,0,0
1103,-10.3269800885922,-0.0455633033597352,1.06660536273584,0,0,0
1104,-10.1937605192974,0.251787563497388,0.917326060961688,0,0,0
1105,-10.0081433751457,0.503119243471168,0.783775266436874,0,0,0
1106,-9.79251080285104,0.681515179532335,0.765276938719,0,0,0
1107,-9.67688431839431,0.796786008641849,0.704192051777703,0,0,0
1108,-9.6763919310097,0.88647992791096,0.539027723777635,0,0,0
1109,-9.7093336870435,1.00222231561296,0.383277900348273,0,0,0
1110,-9.70315323999024,1.15467766350029,0.299350932009299,0,0,0
1111,-9.6575183075438,1.25047248582725,0.229105991535438,0,0,0
1112,-9.52889891043426,1.2598673182118,0.179418556004074,0,0,0
1113,-9.349581360473,1.17352730935027,0.222207472918376,0,0,0
1114,-9.27665088105681,0.99249331960899,0.416685930710574,0,0,0
1115,-9.34025721573503,0.748477200353674,0.624873387588555,0,0,0
1116,-9.4872228127341,0.489956627299014,0.767536633914555,0,0,0
1117,-9.6239203727866,0.285144315308391,0.799369634143906,0,0,0
1118,-9.69966777276649,0.104532728614126,0.756795858665369,0,0,0
1119,-9.71361893919969,0.0311900604582386,0.723293548245829,0,0,0
1120,-9.63794019143865,0.0380881835340932,0.808676564587264,0,0,0
1121,-9.63289209623954,0.0979208353623235,0.998041532593886,0,0,0
1122,-9.83559010824136,0.131172177105604,1.04143780502739,0,0,0
1123,-10.0910533200643,0.159908535684141,1.00534393820308,0,0,0
1124,-10.2697049370335,0.21487050855011,1.04173329188138,0,0,0
1125,-10.3676402612242,0.247508351235187,1.08222600911403,0,0,0
1126,-10.3859739522334,0.245305055899532,0.957826930484515,0,0,0
1127,-10.3990533101344,0.223183248550569,0.822344572185109,0,0,0
1128,-10.3724529163153,0.261080919835215,0.894657071166081,0,0,0
1129,-10.3272963739332,0.267202800300032,0.969249534364146,0,0,0
1130,-10.2508548458407,0.270305362622344,0.926186419653287,0,0,0
1131,-10.1766657213461,0.271141312710372,0.935074415474286,0,0,0
1132,-10.0683157845092,0.180189593821618,1.15466062662335,0,0,0
1133,-10.012309378585,-0.0336299296057602,1.39133123833474,0,0,0
1134,-9.93830592626154,-0.250137337489808,1.46181555142447,0,0,0
1135,-9.82923258431131,-0.413357687223094,1.43500528587959,0,0,0
1136,-9.63809699825309,-0.522218272895615,1.52081988645968,0,0,0
1137,-9.3890780632245,-0.598508741299468,1.62227583897011,0,0,0
1138,-9.15101377318536,-0.640036343859017,1.62244807090992,0,0,0
1139,-8.97541950272254,-0.631774853826123,1.55446998231669,0,0,0
1140,-8.83997233425965,-0.652121272162273,1.52268609436159,0,0,0
1141,-8.71911888711822,-0.716712687767568,1.39854879889446,0,0,0
1142,-8.60931329519976,-0.78319628167552,1.28580967844915,0,0,0
1143,-8.51856732621411,-0.822913250693875,1.12985480331601,0,0,0
1144,-8.46351321979119,-0.847971977575918,0.95161023523173,0,0,0
1145,-8.48640355046377,-0.882061463023745,0.76597851721901,0,0,0
1146,-8.59048543903331,-0.953790174288341,0.583468968400008,0,0,0
1147,-8.68988241138907,-1.10076686731023,0.44798466890378,0,0,0
1148,-8.83989940510373,-1.28451999597832,0.263174165655967,0,0,0
1149,-9.00648470024863,-1.44822036076709,0.150434186252301,0,0,0
1150,-9.20029119390457,-1.6071119503678,0.161928493656233,0,0,0
1151,-9.37129049204735,-1.76841635199287,0.153179848434069,0,0,0
1152,-9.51709154338445,-1.93887789622803,0.0857981674763242,0,0,0
1153,-9.58471048285438,-2.07940498934841,0.0927686268083098,0,0,0
1154,-9.59912314021707,-2.16692738466021,0.174180048547959,0,0,0
1155,-9.62189466814668,-2.19184772310544,0.192000028626414,0,0,0
1156,-9.59078094619821,-2.1380239722034,0.176305487151946,0,0,0
1157,-9.56507705160415,-2.04158171900983,0.160472385356037,0,0,0
1158,-9.50282652067361,-1.87437933902944,0.173610642525993,0,0,0
1159,-9.46656305364071,-1.72404103600747,0.221049844800235,0,0,0
1160,-9.42044795596469,-1.62327757336736,0.232398087143735,0,0,0
1161,-9.33870588188283,-1.54403703669616,0.218514389565039,0,0,0
1162,-9.26722281801458,-1.47739299001759,0.218589295346167,0,0,0
1163,-9.23519008169493,-1.4202758268117,0.281360264304885,0,0,0
1164,-9.19956078598474,-1.39622291453575,0.369395363056194,0,0,0
1165,-9.17262748271878,-1.38087068830012,0.49142063104232,0,0,0
1166,-9.31261468054872,-1.36281016850337,0.624846655611048,0,0,0
1167,-9.44640285744744,-1.35443073781664,0.613344733365109,0,0,0
1168,-9.43219308096479,-1.34490401869992,0.591124928342929,0,0,0
1169,-9.43891545848672,-1.36534893771616,0.719793341214611,0,0,0
1170,-9.55592246848487,-1.37250339876052,1.13338904793432,0,0,0
1171,-9.87314982622892,-1.3484960369572,1.91927019474196,0,0,0
1172,-10.4737494890966,-1.26414080766954,2.25648650562248,0,0,0
1173,-11.0643528975225,-1.14639449884959,1.52695084954888,0,0,0
1174,-11.172104608997,-1.16672224657055,0.98037397558518,0,0,0
1175,-10.9303634256553,-1.35096246285599,1.41631416201696,0,0,0
1176,-10.7213081352958,-1.74604510533013,1.91574084966824,0,0,0
1177,-10.4508375245873,-2.12773831045708,1.90938239786068,0,0,0
1178,-9.93553068019707,-2.32692507035595,1.63822371091672,0,0,0
1179,-9.43629716605177,-2.27922482873586,1.29867256862479,0,0,0
1180,-9.2542798831183,-2.02017532826861,1.1475260020901,0,0,0
1181,-9.21260035009247,-1.69983093095891,1.21472216963549,0,0,0
1182,-9.17367979589995,-1.35935604316557,1.23889028880033,0,0,0
1183,-9.0495796359656,-1.0437030416058,1.09421029370826,0,0,0
1184,-8.96084846569749,-0.724373314310787,1.02792849595895,0,0,0
1185,-9.03578134584109,-0.422092844913849,1.18123941227132,0,0,0
1186,-9.17101248625655,-0.269059548105976,1.33494090219824,0,0,0
1187,-9.216543356273,-0.243616538745508,1.35978836996665,0,0,0
1188,-9.18981350563683,-0.221524465615696,1.31457558568905,0,0,0
1189,-9.15329564661049,-0.0936958255726709,1.22190936849747,0,0,0
1190,-9.16528182685941,0.0932081448242631,1.10201387632004,0,0,0
1191,-9.22889485350784,0.354380155772329,0.963620817174278,0,0,0
1192,-9.2785870442139,0.563035539553379,0.905188914202351,0,0,0
1193,-9.38826264730254,0.764503482835575,0.902596359833587,0,0,0
1194,-9.56707165728479,0.967852415465461,0.927535010903484,0,0,0
1195,-9.78738164847677,1.17107326908315,0.78262789584596,0,0,0
1196,-9.86306376414164,1.3539120796462,0.671524230036634,0,0,0
1197,-9.73337524153362,1.43519924437273,0.644344704641616,0,0,0
1198,-9.45044727230108,1.41781747717851,0.719093265394393,0,0,0
1199,-9.24487235289781,1.25250561187984,0.820768425500899,0,0,0
1200,-9.2247401531694,0.980024559126633,0.961076847113292,0,0,0
1201,-9.30905999908316,0.628579063488043,1.04065345568514,0,0,0
1202,-9.4550130464848,0.272867234345285,1.11763328047253,0,0,0
1203,-9.60808196305071,-0.014606653796762,1.28301320948334,0,0,0
1204,-9.76308239443841,-0.194292566978571,1.40301217874274,0,0,0
1205,-9.9033552702603,-0.318116330068404,1.43476185721801,0,0,0
1206,-9.99658169767685,-0.411061250578723,1.48235299935247,0,0,0
1207,-10.0688497256929,-0.544813102419057,1.5322322699658,0,0,0
1208,-10.1163713207345,-0.644741228263233,1.46028714581027,0,0,0
1209,-10.1185542263315,-0.617176240359549,1.29557501560121,0,0,0
1210,-10.1248533257489,-0.39492005632644,1.31096084315339,0,0,0
1211,-10.1081943311524,-0.113360997023959,1.4263148764057,0,0,0
1212,-10.1236421801821,0.0678499833384566,1.40297258563831,0,0,0
1213,-10.1285218185263,0.117822704617906,1.3534253304057,0,0,0
1214,-10.1020596123984,0.0641445966203945,1.41482880743045,0,0,0
1215,-10.078314936409,-0.0492765873374341,1.46885262271043,0,0,0
1216,-10.0111256241951,-0.171951652182925,1.46658453897976,0,0,0
1217,-9.87673285786873,-0.243678995157361,1.50506281851573,0,0,0
1218,-9.75447007652479,-0.300026057873777,1.52517761157713,0,0,0
1219,-9.62197093951501,-0.405608533157452,1.54101201656258,0,0,0
1220,-9.43079266462689,-0.525798163051732,1.53188316501891,0,0,0
1221,-9.27784851978542,-0.627001830409841,1.52295054335295,0,0,0
1222,-9.11681596574121,-0.674475867270415,1.59752234113508,0,0,0
1223,-8.9999573548984,-0.663098164276876,1.61314703408534,0,0,0
1224,-8.88726375194627,-0.67185783610644,1.60395168526254,0,0,0
1225,-8.79083727301929,-0.712905429671034,1.56375443097408,0,0,0
1226,-8.77935377431883,-0.742477303648265,1.36031632661368,0,0,0
1227,-8.79034174188381,-0.751054377462616,1.13899323366521,0,0,0
1228,-8.78098867832069,-0.780527594793496,1.05309692655001,0,0,0
1229,-8.72119500544471,-0.85795038129597,0.892685176492237,0,0,0
1230,-8.62862366029092,-0.9826930283075,0.689581475547984,0,0,0
1231,-8.57158517978259,-1.18168264409472,0.563082933249011,0,0,0
1232,-8.6016713001048,-1.40585063172545,0.434603198664084,0,0,0
1233,-8.70614855045662,-1.65614050862445,0.296973157140028,0,0,0
1234,-8.82338163046296,-1.85534129338001,0.200725147426731,0,0,0
1235,-8.963238854368,-2.01296027326979,0.130777009686386,0,0,0
1236,-9.13499467383407,-2.11101796560839,0.0181642334514172,0,0,0
1237,-9.23754703041647,-2.16291462217305,-0.171334756081284,0,0,0
1238,-9.24701317743025,-2.14487393659398,-0.250494625906997,0,0,0
1239,-9.22131222000845,-2.06444223659563,-0.178323307380665,0,0,0
1240,-9.28910532154168,-1.93322605304634,-0.0949481307326313,0,0,0
1241,-9.46266779249745,-1.80234482174056,-0.0181808512588141,0,0,0
1242,-9.61330958062934,-1.6783104145065,-0.0226330343107525,0,0,0
1243,-9.66027384812256,-1.56287127550807,-0.047569069550577,0,0,0
1244,-9.55242535615502,-1.43701536497915,-0.0796859162832959,0,0,0
1245,-9.39567531246338,-1.33801609633502,0.0717193381175687,0,0,0
1246,-9.30125461963762,-1.32391273053624,0.159725613180954,0,0,0
1247,-9.20556426256076,-1.39530901923665,0.125762740468437,0,0,0
1248,-9.15674363244563,-1.50897942236522,0.399041682200907,0,0,0
1249,-9.27011966912358,-1.59241179913258,0.611704425657849,0,0,0
1250,-9.44895606339718,-1.72259104820731,0.52810578738022,0,0,0
1251,-9.48588927068143,-1.81661260253887,0.724726414900303,0,0,0
1252,-9.61644279770702,-1.83958037699277,1.24214673947659,0,0,0
1253,-10.1656476258548,-1.7955051649719,2.03296486079585,0,0,0
1254,-11.1429265328657,-1.64780583034946,2.49175805279806,0,0,0
1255,-11.9673925517967,-1.60119943586871,1.93495953258504,0,0,0
1256,-11.868094992441,-1.61842988305696,1.29996856837173,0,0,0
1257,-10.9535126898658,-1.47234492867958,1.59027358704152,0,0,0
1258,-10.1235734251683,-1.32849374453187,1.91951058686422,0,0,0
1259,-9.69177436140066,-1.27039135212993,1.61858066720839,0,0,0
1260,-9.37097232629143,-1.24983065092971,1.1465908204245,0,0,0
1261,-9.09962718719091,-1.26035725674147,0.895912649859815,0,0,0
1262,-9.05860850483488,-1.32453172870776,0.900182580705156,0,0,0
1263,-9.08748974963514,-1.35565049255581,1.01090493220802,0,0,0
1264,-9.00518652838251,-1.37653671469545,1.06320340303147,0,0,0
1265,-8.92775911427867,-1.29935942296829,1.1149206851929,0,0,0
1266,-8.9828252415884,-1.10519440502073,1.17121448263865,0,0,0
1267,-9.11617894116179,-0.858717443582873,1.14807133164064,0,0,0
1268,-9.22967821193837,-0.635984270999171,1.13238708359837,0,0,0
1269,-9.33784374817895,-0.362174264339476,1.09377155870644,0,0,0
1270,-9.40914637375782,0.00323616629577884,1.02341395421146,0,0,0
1271,-9.41356997643751,0.407946707898535,0.839945486119251,0,0,0
1272,-9.43518201548662,0.797775973240476,0.6658272175832,0,0,0
1273,-9.48801147706956,1.07424314461822,0.581518805668207,0,0,0
1274,-9.6028217825483,1.24087082419276,0.522983977655716,0,0,0
1275,-9.81889017464061,1.34545572882544,0.425801208139013,0,0,0
1276,-9.96794899375938,1.38885162262861,0.326670241883724,0,0,0
1277,-10.0459971255495,1.33389255783784,0.356142093486949,0,0,0
1278,-10.0410016890983,1.17429594560156,0.455782323586292,0,0,0
1279,-9.86922562468264,0.881592999378023,0.557711875100096,0,0,0
1280,-9.71990555909635,0.518550683738432,0.697645210642436,0,0,0
1281,-9.67392119997458,0.169019795054028,0.842439542742087,0,0,0
1282,-9.62574322392818,-0.134904380282962,0.888095117775335,0,0,0
1283,-9.69480705051149,-0.302058383871431,0.947234116612425,0,0,0
1284,-9.81224036463385,-0.446565143219131,1.05126424498882,0,0,0
1285,-9.92576821613449,-0.552889667193158,1.12814844756194,0,0,0
1286,-10.0126618517248,-0.630351449814114,1.13722718808897,0,0,0
1287,-10.066442129253,-0.638270687715339,1.13059157505433,0,0,0
1288,-10.0716866626402,-0.568124119623682,1.13522921203031,0,0,0
1289,-10.0515928393242,-0.440642659075994,1.08519968882546,0,0,0
1290,-10.0730208413971,-0.244898406203782,1.07361652651998,0,0,0
1291,-10.1296470171593,-0.066007684709564,1.07817254546225,0,0,0
1292,-10.1650792721557,0.00377931097857323,1.16601411925232,0,0,0
1293,-10.1942866025577,-0.0161876393457254,1.18402755164001,0,0,0
1294,-10.2403209140928,-0.0849420180131761,1.19326157193184,0,0,0
1295,-10.2699356972081,-0.217273142374312,1.18655075537226,0,0,0
1296,-10.2062961907911,-0.396011764085704,1.11432868689554,0,0,0
1297,-10.068134001027,-0.54855199887017,1.16653832136017,0,0,0
1298,-9.92639525323193,-0.656380189822761,1.21634335079821,0,0,0
1299,-9.75906155861031,-0.688422219728459,1.30209182807821,0,0,0
1300,-9.56950168806262,-0.723389105724005,1.32891443642468,0,0,0
1301,-9.42027993549739,-0.743705832606164,1.23623535110391,0,0,0
1302,-9.25134705012773,-0.730689429829256,1.2044891020403,0,0,0
1303,-9.10698217375411,-0.70792504386133,1.19326762615034,0,0,0
1304,-9.00170268600069,-0.687478457281495,1.13651982325773,0,0,0
1305,-8.90630257836693,-0.690673684578447,1.09835180080009,0,0,0
1306,-8.8060010158604,-0.73240433582537,1.10755566021851,0,0,0
1307,-8.77774734840508,-0.816176379418786,1.05784181973527,0,0,0
1308,-8.81147622700447,-0.881678831903487,0.982921292498203,0,0,0
1309,-8.86613052383236,-0.908800569774066,0.904513024464761,0,0,0
1310,-8.92270108399635,-0.942226551712289,0.789014751842761,0,0,0
1311,-8.93669248616547,-0.995015014064686,0.615555833356527,0,0,0
1312,-8.9363966034066,-1.07229320290832,0.527071804244166,0,0,0
1313,-8.94326461604177,-1.17741406724391,0.48220993628627,0,0,0
1314,-8.96781580386244,-1.31613290807651,0.416972169279568,0,0,0
1315,-9.04243219044387,-1.42706605947451,0.356255336109004,0,0,0
1316,-9.11241586330713,-1.56989779350147,0.277307664689739,0,0,0
1317,-9.19729911933354,-1.72762405764156,0.155763213216583,0,0,0
1318,-9.29500839232759,-1.86602288026945,0.0449185385642358,0,0,0
1319,-9.34859497527907,-1.99486622304567,-0.0652874686100613,0,0,0
1320,-9.35516548387875,-2.06985854327301,-0.0611710357626322,0,0,0
1321,-9.37215797201857,-2.12339853146146,-0.0158342111047052,0,0,0
1322,-9.4118707024981,-2.14251703939759,0.0590361509321771,0,0,0
1323,-9.47830820745289,-2.11497054110593,0.0271402923311913,0,0,0
1324,-9.47204603189543,-2.04479838047556,-0.0110435464947244,0,0,0
1325,-9.41964597546619,-1.9514075197788,-0.0225677298336576,0,0,0
1326,-9.35181197749456,-1.81067821059304,-0.0497686730598458,0,0,0
1327,-9.31869574302325,-1.66562692282186,-0.0728219897218359,0,0,0
1328,-9.30664068313679,-1.53943679339633,-0.0229850051720598,0,0,0
1329,-9.34081575956133,-1.44546955560754,0.0509858057736212,0,0,0
1330,-9.36073057513578,-1.40831406239288,0.110166656074195,0,0,0
1331,-9.37025644454168,-1.40407685356986,0.150629074103247,0,0,0
1332,-9.34468751756027,-1.44032633452998,0.198177451276029,0,0,0
1333,-9.3084295738204,-1.45448927611152,0.277218341833463,0,0,0
1334,-9.28837803881953,-1.45507814444472,0.349383219961692,0,0,0
1335,-9.24951175183961,-1.47577504079236,0.365286028794344,0,0,0
1336,-9.19165024383677,-1.47972756956959,0.385192543723575,0,0,0
1337,-9.16148875512882,-1.47495695389274,0.534715723827487,0,0,0
1338,-9.33869581497669,-1.45510720289544,0.798679935736978,0,0,0
1339,-9.65356499452881,-1.49247799854731,0.776439647632124,0,0,0
1340,-9.759171743128,-1.52687290645956,0.742571694341819,0,0,0
1341,-9.69371074072501,-1.51661433837433,1.00922110127397,0,0,0
1342,-9.77824883333582,-1.47301111471775,1.29145647940429,0,0,0
1343,-10.1635693919447,-1.37286398777964,1.80430209214475,0,0,0
1344,-10.9683423264268,-1.25434737505562,2.21586619247495,0,0,0
1345,-11.8170631187736,-1.25935924844262,1.78552537188549,0,0,0
1346,-11.9460749318419,-1.40355553233504,1.0828728689491,0,0,0
1347,-11.2492420658267,-1.40591218443282,1.07563622020135,0,0,0
1348,-10.3947115574036,-1.31055024935774,1.36151773150565,0,0,0
1349,-9.89549512603093,-1.32254253987877,1.28469411671659,0,0,0
1350,-9.61028952667639,-1.36492904384342,1.01135852610442,0,0,0
1351,-9.34027666232405,-1.32871449900662,0.694844413110822,0,0,0
1352,-9.13536307952352,-1.27751413905372,0.491575144035989,0,0,0
1353,-9.01853410010369,-1.26156483089964,0.439436876465183,0,0,0
1354,-8.95730316351292,-1.22581303914628,0.579871330657053,0,0,0
1355,-8.96454573120899,-1.13929579773672,0.723754061785263,0,0,0
1356,-9.08434587667468,-0.948011881202856,0.780382789231402,0,0,0
1357,-9.24499895227335,-0.715037530462151,0.831611307587869,0,0,0
1358,-9.34670440827074,-0.517181408667728,0.953815465503154,0,0,0
1359,-9.35222578273684,-0.355844477393306,0.987237645400323,0,0,0
1360,-9.28848279641988,-0.19183217008705,0.992017693055026,0,0,0
1361,-9.21219913763876,-0.0654619656489719,0.941855653930005,0,0,0
1362,-9.13938610994788,0.0619762295317125,0.842486596642623,0,0,0
1363,-9.10739501271271,0.17845368225192,0.745222807092275,0,0,0
1364,-9.10498648409053,0.297431531338694,0.681758222187521,0,0,0
1365,-9.16747687722921,0.413418329888133,0.562068431958455,0,0,0
1366,-9.24819514315659,0.515826049900166,0.44221240207958,0,0,0
1367,-9.33740139247029,0.596031121682576,0.374429182388522,0,0,0
1368,-9.46631728378604,0.634354909208849,0.31810649841309,0,0,0
1369,-9.59735495644321,0.661391821913096,0.338588558358893,0,0,0
1370,-9.81459957066592,0.682506052325612,0.356585839629781,0,0,0
1371,-9.9979734246174,0.703130540474561,0.315838283300414,0,0,0
1372,-10.0229345437892,0.696504175391402,0.40384973075673,0,0,0
1373,-9.93633075860547,0.650257018228728,0.471695179532153,0,0,0
1374,-9.82451136201612,0.553758572042484,0.534867261712726,0,0,0
1375,-9.76407053520036,0.454027101471645,0.56439125131126,0,0,0
1376,-9.73926777712594,0.353031914842475,0.578323044556195,0,0,0
1377,-9.70453401426497,0.27112748429533,0.600780141628661,0,0,0
1378,-9.62617471254646,0.166417657913071,0.625683907517361,0,0,0
1379,-9.50779604569628,0.0605193646130884,0.611877501829116,0,0,0
1380,-9.36596659636571,-0.0129527216951948,0.607729831369751,0,0,0
1381,-9.28263946938296,-0.0327096709302926,0.636864167215823,0,0,0
1382,-9.28045429594189,0.005959789943211,0.718418948850354,0,0,0
1383,-9.33646263098833,0.0780717675056046,0.867156343282524,0,0,0
1384,-9.48172501778714,0.159459849562591,0.908012719000402,0,0,0
1385,-9.58832780532759,0.185755865446755,0.885373785155922,0,0,0
1386,-9.602610635587,0.139434562100963,0.996486690065117,0,0,0
1387,-9.62746873359674,0.0254698051851771,1.09619328390395,0,0,0
1388,-9.74606255389647,-0.0949758821744467,1.12076517546403,0,0,0
1389,-9.93356723734459,-0.211026903418989,1.08713503562775,0,0,0
1390,-10.0145839236236,-0.230035543869532,0.999028979096125,0,0,0
1391,-9.99863530472954,-0.0998653403433117,0.953708216760319,0,0,0
1392,-9.98588348316129,0.0728060892143915,0.973746803787765,0,0,0
1393,-10.0154904837731,0.139197287208998,1.02376830123388,0,0,0
1394,-10.0588416182305,0.0320022612946907,1.02165281755716,0,0,0
1395,-10.0772962551784,-0.11888974556198,1.02379650822011,0,0,0
1396,-10.0522136418268,-0.137318312115269,1.05767803191654,0,0,0
1397,-10.0062431538584,-0.0549601197187298,1.12079966678355,0,0,0
1398,-9.96595449168278,-0.0262637353319151,1.17956097696814,0,0,0
1399,-9.95882888460452,-0.0625801564613119,1.21789480507598,0,0,0
1400,-9.9237771475511,-0.13731978033558,1.20439972521378,0,0,0
1401,-9.75524588390133,-0.238967043501672,1.19536169140348,0,0,0
1402,-9.55002305936718,-0.365754323454591,1.19093902595802,0,0,0
1403,-9.43225737510155,-0.495178741562195,1.13482208325072,0,0,0
1404,-9.40561915945703,-0.630818583241449,1.08506869036167,0,0,0
1405,-9.43093808495886,-0.774827849852009,1.07139977701165,0,0,0
1406,-9.43774598871702,-0.898171424264514,1.07614885317922,0,0,0
1407,-9.35239827005653,-0.977674015002595,1.07194752010348,0,0,0
1408,-9.23095242618512,-0.982256664137944,1.0536111912769,0,0,0
1409,-9.13488283688143,-0.90021858569597,1.00396336324403,0,0,0
1410,-9.0777894963947,-0.815843507771717,0.938241019794544,0,0,0
1411,-9.02110856225766,-0.718148923711772,0.858857076586958,0,0,0
1412,-8.95140371914788,-0.664672996973335,0.770958129425046,0,0,0
1413,-8.91156240265651,-0.638587288409709,0.641972955614725,0,0,0
1414,-8.91174480092152,-0.636433989489462,0.556048741321679,0,0,0
1415,-8.96778028118035,-0.669419598658399,0.546990449030221,0,0,0
1416,-9.1074936677098,-0.774438492973745,0.509088961594956,0,0,0
1417,-9.27138706983282,-0.953770371487274,0.430339259867289,0,0,0
1418,-9.40093965730484,-1.16514331628703,0.360635135451019,0,0,0
1419,-9.52376200688048,-1.38808015798811,0.317945014655292,0,0,0
1420,-9.59452597171292,-1.61171495216981,0.309196154105149,0,0,0
1421,-9.66328953756589,-1.83103596589994,0.268724708965158,0,0,0
1422,-9.68507446478836,-2.02636886454153,0.205610646545509,0,0,0
1423,-9.67113893966991,-2.16332899346687,0.178838027757697,0,0,0
1424,-9.64529585857753,-2.23807373673514,0.140408020911946,0,0,0
1425,-9.58811172137591,-2.24969449708317,0.133897116249699,0,0,0
1426,-9.43002019700005,-2.18795535628412,0.103880602446948,0,0,0
1427,-9.23594819546667,-2.03340213575166,0.108297639511865,0,0,0
1428,-9.09176198071041,-1.83721223093875,0.121931384186393,0,0,0
1429,-9.08546999548895,-1.70748198010561,0.121498446714125,0,0,0
1430,-9.18666329356747,-1.65081498619185,0.158223221754421,0,0,0
1431,-9.32097625975604,-1.66116240189622,0.164421728091584,0,0,0
1432,-9.40375322124715,-1.67514986416233,0.135323899073198,0,0,0
1433,-9.4218126368282,-1.66348688500265,0.187367282618168,0,0,0
1434,-9.38567429579774,-1.63212328967665,0.255356873356701,0,0,0
1435,-9.33505988666662,-1.60673571087387,0.279753568987725,0,0,0
1436,-9.28574049873742,-1.59188052126222,0.351979071293691,0,0,0
1437,-9.27404701117258,-1.5962992648768,0.447028860414376,0,0,0
1438,-9.2665140685163,-1.63224199901831,0.481037091560462,0,0,0
1439,-9.27201695102025,-1.63535282608932,0.509923014094986,0,0,0
1440,-9.23302545216736,-1.63998445622934,0.559879844586906,0,0,0
1441,-9.18561828274803,-1.6567012026729,0.582355377912037,0,0,0
1442,-9.16656972181412,-1.68119461990328,0.589433697263566,0,0,0
1443,-9.17374478077403,-1.70654874697496,0.595855621223811,0,0,0
1444,-9.15763032030578,-1.72705035455465,0.602642461172721,0,0,0
1445,-9.18886402340208,-1.74674908558079,0.580098540474166,0,0,0
1446,-9.27503633322844,-1.71609464682331,0.55527892260703,0,0,0
1447,-9.4175615206445,-1.6799935002072,0.672877133464209,0,0,0
1448,-9.67429748163213,-1.60455229180988,0.790124324122487,0,0,0
1449,-9.9431280768595,-1.55945627047428,0.727111275188879,0,0,0
1450,-10.0204919886023,-1.61374797168558,0.639425370717414,0,0,0
1451,-9.91206633493871,-1.64280496204317,0.76125048511023,0,0,0
1452,-9.99972864975151,-1.57488965673852,1.13587082293707,0,0,0
1453,-10.4726870570648,-1.45460457047604,1.31467589035779,0,0,0
1454,-10.9617653081135,-1.45308029750459,1.20894262428471,0,0,0
1455,-11.0275006762328,-1.55285403167151,1.08722601091291,0,0,0
1456,-10.6978581521623,-1.61494008256274,1.05064801012769,0,0,0
1457,-10.3083421261711,-1.5648824322588,1.03010444737112,0,0,0
1458,-10.0141741529282,-1.4704215197268,0.880838705507458,0,0,0
1459,-9.73168543391193,-1.40353711907482,0.778655383051623,0,0,0
1460,-9.5043201937296,-1.35965481489029,0.595609369191621,0,0,0
1461,-9.38313449779247,-1.31878599996176,0.471263810725499,0,0,0
1462,-9.34793484685587,-1.26542530003079,0.486993524738405,0,0,0
1463,-9.31753826413756,-1.23511109823488,0.583770352669927,0,0,0
1464,-9.34261896731315,-1.18249362283424,0.63370871207523,0,0,0
1465,-9.45123637290149,-1.12402933755923,0.694988943121891,0,0,0
1466,-9.58210931860264,-1.0441712784969,0.712577990818212,0,0,0
1467,-9.64887271493152,-0.886908433726537,0.769496521819867,0,0,0
1468,-9.63837017705255,-0.755299576692049,0.861565769542722,0,0,0
1469,-9.5780192370831,-0.699769040857337,0.920381464207104,0,0,0
1470,-9.46343468422985,-0.676985478253644,0.992555110032461,0,0,0
1471,-9.34923573220695,-0.627130758343647,0.981133189652103,0,0,0
1472,-9.27429521603931,-0.54553864676662,0.96499433089308,0,0,0
1473,-9.21931039762673,-0.44732462083939,0.955914853706323,0,0,0
1474,-9.18060757367416,-0.340139509518375,0.858560270919032,0,0,0
1475,-9.12322602727737,-0.23263865064289,0.716310112884372,0,0,0
1476,-9.03501468193579,-0.119524153500863,0.62569185815625,0,0,0
1477,-8.99298016357129,-0.0182458844957743,0.592062986495283,0,0,0
1478,-9.05839368720378,0.0605915098528868,0.541851954258469,0,0,0
1479,-9.19749314532868,0.168724865974942,0.523857102760372,0,0,0
1480,-9.30702936779788,0.260615098423755,0.530704169167235,0,0,0
1481,-9.45297173045175,0.343621282576872,0.629993346227654,0,0,0
1482,-9.66243724623867,0.443354984711142,0.586920762237976,0,0,0
1483,-9.86263527197695,0.531799609019957,0.446735065021636,0,0,0
1484,-9.96219977222296,0.619919949702514,0.352330184773652,0,0,0
1485,-9.96406602203366,0.707177935851188,0.401733761299699,0,0,0
1486,-9.89360676248157,0.797976296373335,0.424079290596542,0,0,0
1487,-9.77719141914808,0.863750148128926,0.390149744855362,0,0,0
1488,-9.62837430737133,0.865857017933376,0.356169960190596,0,0,0
1489,-9.55851879496504,0.807486058142531,0.320628428336119,0,0,0
1490,-9.50019489855311,0.63714294146143,0.329418891929134,0,0,0
1491,-9.45041210133753,0.435421405656257,0.38793719679008,0,0,0
1492,-9.42463123834604,0.223472519932168,0.415152294081373,0,0,0
1493,-9.41690350913859,0.0483179436460587,0.485542709091414,0,0,0
1494,-9.38148992247654,-0.0421297948487296,0.621226302537094,0,0,0
1495,-9.39691052665662,-0.0826803732930928,0.758956370058537,0,0,0
1496,-9.61646764710817,-0.123379700886133,0.83858047427326,0,0,0
1497,-9.87244109577911,-0.218576862528228,0.908675489252789,0,0,0
1498,-10.0351528931553,-0.325972228481447,0.990302667862767,0,0,0
1499,-10.0893744879662,-0.421208416721742,1.01557246057071,0,0,0
1500,-10.0168361254593,-0.456279027952025,0.995138534716159,0,0,0
1501,-9.87663740401688,-0.400962804878063,0.897387608901939,0,0,0
1502,-9.81536301342816,-0.269013719705056,0.777598071660672,0,0,0
1503,-9.83123863702852,-0.111172207241823,0.74591665629826,0,0,0
1504,-9.85129565276538,0.0104900081936579,0.797747411076583,0,0,0
1505,-9.87788844985961,0.0319144814882805,0.807161301873021,0,0,0
1506,-9.88084821458569,0.0221344832189223,0.870028858425017,0,0,0
1507,-9.88736083921119,0.0269934648846847,0.989924202761328,0,0,0
1508,-9.9365249557024,-0.0128589198359103,0.98764478777673,0,0,0
1509,-9.95223317183242,-0.156488533434458,1.00135971684921,0,0,0
1510,-9.94288103001517,-0.332289892125695,1.10985616142967,0,0,0
1511,-9.97500482086426,-0.464853652007076,1.18210133035135,0,0,0
1512,-9.93636479953531,-0.609158462828941,1.17780813418756,0,0,0
1513,-9.82363681430276,-0.745863787229162,1.16884457896607,0,0,0
1514,-9.67551578435069,-0.851831079817083,1.1303674098736,0,0,0
1515,-9.5771787273985,-0.922918094303304,1.11692223901109,0,0,0
1516,-9.48047847603752,-0.931605857790954,1.10989965137902,0,0,0
1517,-9.39047198903145,-0.857979458947887,1.13734364601814,0,0,0
1518,-9.32329876371812,-0.738376363673851,1.08032363053219,0,0,0
1519,-9.23523442545526,-0.604869249577618,1.01914129588652,0,0,0
1520,-9.09834293413808,-0.509563786295977,0.910921547942695,0,0,0
1521,-8.97775778372174,-0.444139385819793,0.779678653322179,0,0,0
1522,-8.9076962526477,-0.463377942470317,0.707282141904213,0,0,0
1523,-8.89105761856128,-0.526741130338311,0.668846619032262,0,0,0
1524,-8.92529299951669,-0.633929146408767,0.522176517954325,0,0,0
1525,-9.01818741329673,-0.840774655279224,0.394009937620546,0,0,0
1526,-9.10321177162547,-1.04431183224633,0.376021716086213,0,0,0
1527,-9.2241545544417,-1.25621062947243,0.319670485268655,0,0,0
1528,-9.31952026051793,-1.45183935308438,0.243441076292534,0,0,0
1529,-9.40191242307286,-1.65047125640244,0.153364906249398,0,0,0
1530,-9.47866291294995,-1.84337442883158,0.0695701922431628,0,0,0
1531,-9.51321498761182,-2.02413809628034,0.0453290831453753,0,0,0
1532,-9.51559360266671,-2.15216178046751,-0.0222899521008327,0,0,0
1533,-9.51473179122505,-2.21523800661659,-0.081043106076145,0,0,0
1534,-9.52417621977497,-2.20177778568973,-0.0811481885769983,0,0,0
1535,-9.54939361911004,-2.16525400999517,-0.0471947622576029,0,0,0
1536,-9.50580039525868,-2.08521489779426,-0.051923193733527,0,0,0
1537,-9.38074588254778,-1.97205212830494,-0.0586117034734998,0,0,0
1538,-9.27092047234891,-1.84191711951123,-0.0840557580715787,0,0,0
1539,-9.17794553630631,-1.71274636942521,-0.0253383798668506,0,0,0
1540,-9.16328459246887,-1.62049821315359,0.0199188161423969,0,0,0
1541,-9.19848770033814,-1.56186772394533,0.0400130324674093,0,0,0
1542,-9.20809580264148,-1.5394450725003,0.0670014964516696,0,0,0
1543,-9.21512929797285,-1.52361161661229,0.0827993102193653,0,0,0
1544,-9.20680168772284,-1.51983227016801,0.107343521264416,0,0,0
1545,-9.21233664302343,-1.53460926279195,0.159794244531589,0,0,0
1546,-9.24329321442834,-1.57463091903379,0.218580278611537,0,0,0
1547,-9.32386493773235,-1.62522488431019,0.236659617331947,0,0,0
1548,-9.37107475006477,-1.66083209977591,0.274931299046832,0,0,0
1549,-9.38731774491481,-1.71143503483405,0.354529229201379,0,0,0
1550,-9.48596593509605,-1.7891877386123,0.476350700610887,0,0,0
1551,-9.60194871132404,-1.87055177729783,0.551047397844154,0,0,0
1552,-9.68221033709266,-1.95511122220271,0.625531020529108,0,0,0
1553,-9.79165349873582,-2.01171458522,0.740947723976758,0,0,0
1554,-9.8911439058439,-1.99895455980767,0.835860361145187,0,0,0
1555,-9.92961749928515,-1.94143639471696,0.872346344631976,0,0,0
1556,-9.91860503299431,-1.84590602765582,1.07964139418782,0,0,0
1557,-10.0588352681377,-1.68869483271597,1.25121865320688,0,0,0
1558,-10.353974477501,-1.52359640918212,1.12956371646692,0,0,0
1559,-10.447229793544,-1.4793477273902,0.939762900747089,0,0,0
1560,-10.2683032779248,-1.55461841678792,0.986962019294585,0,0,0
1561,-10.0195682493816,-1.66794125743907,1.19753964708304,0,0,0
1562,-9.84923934500702,-1.79747207404698,1.32140238643645,0,0,0
1563,-9.75730265813312,-1.88632361725463,1.19505191659773,0,0,0
1564,-9.66204415609468,-1.93749506024216,1.00513147597466,0,0,0
1565,-9.48873824801248,-1.90184394573497,0.932800022478479,0,0,0
1566,-9.34643114208916,-1.73947828707105,0.903459240423432,0,0,0
1567,-9.29850204305536,-1.53625916097193,0.916473876166724,0,0,0
1568,-9.31211741127435,-1.35566169045263,0.934647220887379,0,0,0
1569,-9.36464362130148,-1.17722747197578,0.948043353936953,0,0,0
1570,-9.47006771043539,-0.960078013717454,0.949948474912533,0,0,0
1571,-9.61366700764488,-0.755880206720905,1.02868420935195,0,0,0
1572,-9.74201521052323,-0.593682774414001,1.09212446709466,0,0,0
1573,-9.75713474206792,-0.521894050022187,1.10541756941237,0,0,0
1574,-9.66673131346614,-0.520905656214874,1.08286663744308,0,0,0
1575,-9.51344565794156,-0.530339553291436,1.08493737894087,0,0,0
1576,-9.33443138077866,-0.532472104384837,1.06036016002214,0,0,0
1577,-9.17059152592653,-0.508501907820922,1.01937957079811,0,0,0
1578,-9.06041888699865,-0.437574749842367,0.994770557354245,0,0,0
1579,-9.05387585498051,-0.321304520433726,0.94692442131272,0,0,0
1580,-9.06354342995927,-0.138947593658465,0.842842615902151,0,0,0
1581,-9.11189495975036,0.0505456511849158,0.781595407242281,0,0,0
1582,-9.14508261510772,0.23917638434566,0.751670128954494,0,0,0
1583,-9.20772594348867,0.398356733059645,0.727082891134342,0,0,0
1584,-9.27637661937954,0.563062137879485,0.66342422479808,0,0,0
1585,-9.37475971204663,0.70263108561227,0.609520694816204,0,0,0
1586,-9.50897994304132,0.763092447805954,0.589122066348559,0,0,0
1587,-9.61782436859252,0.762018821130919,0.600199277940693,0,0,0
1588,-9.7654807870809,0.729075726719526,0.571260397150561,0,0,0
1589,-9.8966678059731,0.72627346740743,0.620846329821186,0,0,0
1590,-9.94892467800771,0.724469088293757,0.636500292394317,0,0,0
1591,-9.90461646547643,0.72286564702285,0.63940552903746,0,0,0
1592,-9.86473210646393,0.705566970998777,0.57793435098067,0,0,0
1593,-9.78409393503221,0.614569795566361,0.539678473799503,0,0,0
1594,-9.67047536648305,0.469528299229002,0.630485582205561,0,0,0
1595,-9.64499231638081,0.273244713185262,0.720923898962299,0,0,0
1596,-9.65361689020431,0.0841329192191775,0.752558556012444,0,0,0
1597,-9.63268652427999,-0.0573046625211541,0.798155270934222,0,0,0
1598,-9.62562751603338,-0.130240494107579,0.908513286478442,0,0,0
1599,-9.67569145528313,-0.166528724481029,0.943040148486555,0,0,0
1600,-9.76835430253968,-0.206305775260848,0.996965414624944,0,0,0
1601,-9.81294240871071,-0.239342599294436,1.03768440615847,0,0,0
1602,-9.79540973197015,-0.260676677265864,1.08700013600688,0,0,0
1603,-9.75602083978644,-0.264927791184236,1.1506978177879,0,0,0
1604,-9.70556309391162,-0.239678028424853,1.10272799723484,0,0,0
1605,-9.66488815294489,-0.192311164241181,1.04882862507271,0,0,0
1606,-9.63253781096462,-0.11434720115662,1.046369484081,0,0,0
1607,-9.64285127222077,-0.0492223774452297,1.08686516587576,0,0,0
1608,-9.69217058650754,-0.0435846221702827,1.12999650860361,0,0,0
1609,-9.71835497978152,-0.0629036290110739,1.21388876717847,0,0,0
1610,-9.73002410190652,-0.10420118109723,1.2744427802122,0,0,0
1611,-9.75998400212149,-0.188906764960606,1.23851170786305,0,0,0
1612,-9.79455932573757,-0.305598784306383,1.21814037355457,0,0,0
1613,-9.83479444627988,-0.453119619691445,1.21842017109544,0,0,0
1614,-9.85075428187654,-0.539883166961184,1.1442781906108,0,0,0
1615,-9.80739524747542,-0.494281769079142,1.09854993984217,0,0,0
1616,-9.76107424727881,-0.379607697838951,1.07845353140255,0,0,0
1617,-9.74207281758456,-0.326370253616445,1.10077794236261,0,0,0
1618,-9.72801895747851,-0.36036720624844,1.14597616478982,0,0,0
1619,-9.68167762778673,-0.437580416723281,1.17087187289563,0,0,0
1620,-9.63438791683384,-0.484072283218105,1.17276513303896,0,0,0
1621,-9.62175156453278,-0.517238931288076,1.17317548474489,0,0,0
1622,-9.64834229384579,-0.518616636661591,1.11918083870562,0,0,0
1623,-9.61761279972272,-0.501618186905858,1.03980466960858,0,0,0
1624,-9.57352279390363,-0.44847655022249,0.947021323306821,0,0,0
1625,-9.50456580877816,-0.379776023497911,0.996686816239847,0,0,0
1626,-9.42169987945461,-0.34978229010021,1.1163038858231,0,0,0
1627,-9.38491876730821,-0.393100446008246,1.12310129887508,0,0,0
1628,-9.37745650129397,-0.413136135789052,1.18203216611325,0,0,0
1629,-9.38888143897383,-0.435990444600807,1.35126510117322,0,0,0
1630,-9.38379415080669,-0.474365940406076,1.42357682194892,0,0,0
1631,-9.4053687325274,-0.505000772345856,1.32443821344731,0,0,0
1632,-9.37279491497474,-0.536494555922079,1.20267927127826,0,0,0
1633,-9.30138123201842,-0.638936066748607,1.13488825798078,0,0,0
1634,-9.19565241282764,-0.78485777184896,1.08735178897056,0,0,0
1635,-9.10792007711852,-0.921315889421995,1.051205845354,0,0,0
1636,-9.08622549248944,-1.04127967945318,0.96294694922811,0,0,0
1637,-9.06387035545887,-1.13780712046302,0.84578136511704,0,0,0
1638,-9.04651158401846,-1.20504560682147,0.742139723666261,0,0,0
1639,-9.04756831962422,-1.27461251106803,0.645096200723848,0,0,0
1640,-9.06709863814028,-1.35337903293961,0.502614010686554,0,0,0
1641,-9.10257993275495,-1.45961833986813,0.354168081071949,0,0,0
1642,-9.10793411466901,-1.56540266802773,0.209542890304893,0,0,0
1643,-9.12425810679559,-1.66617815283786,0.0989913830194995,0,0,0
1644,-9.12957087983132,-1.75372215712819,0.060692586487678,0,0,0
1645,-9.17723730072785,-1.86067280929254,0.0677108561211391,0,0,0
1646,-9.2478557444119,-1.96760370962373,0.0632577781154543,0,0,0
1647,-9.32142000140556,-2.04546337331193,0.0767473464662698,0,0,0
1648,-9.4087339352129,-2.09359591944894,-0.0000316377310252505,0,0,0
1649,-9.45169128605712,-2.0838294666475,-0.0700292414649766,0,0,0
1650,-9.40884767851083,-2.03205938801629,-0.103603354438895,0,0,0
1651,-9.34722501061169,-1.92724654590822,-0.0833319473445947,0,0,0
1652,-9.32961852372622,-1.77716059321872,-0.0271365222124544,0,0,0
1653,-9.40208116475886,-1.63458822396515,0.0178340847532932,0,0,0
1654,-9.46302104452354,-1.52166157862925,0.107903244164517,0,0,0
1655,-9.5091379938255,-1.47394311622845,0.159733395376426,0,0,0
1656,-9.5558092157749,-1.4794052125488,0.191680571110826,0,0,0
1657,-9.54789771614271,-1.54012211119367,0.264110854441923,0,0,0
1658,-9.52030728637948,-1.5903444594197,0.388270507292384,0,0,0
1659,-9.49500023934688,-1.64735133236592,0.412965552314388,0,0,0
1660,-9.4330753454619,-1.68621273923663,0.4176760361933,0,0,0
1661,-9.37818997310229,-1.71155873192914,0.503685031879926,0,0,0
1662,-9.45137277214947,-1.71589202066697,0.607150311550864,0,0,0
1663,-9.60568605216299,-1.75550626298458,0.578222928932242,0,0,0
1664,-9.68658044365065,-1.77445837314428,0.614433997352754,0,0,0
1665,-9.74945167997006,-1.77095588473551,0.7434028871769,0,0,0
1666,-9.85472269767942,-1.72511782794972,1.01190498450195,0,0,0
1667,-10.0321381375557,-1.63694791479348,1.14744313872732,0,0,0
1668,-10.2661792518926,-1.52746943420285,1.13844783585117,0,0,0
1669,-10.5130556904391,-1.4764982920585,1.20847751677137,0,0,0
1670,-10.6230270807853,-1.49010550444745,1.06637114111109,0,0,0
1671,-10.3836876336989,-1.51422263169802,0.87868032480765,0,0,0
1672,-9.95727874913612,-1.543934412356,0.970933765556607,0,0,0
1673,-9.68291587656218,-1.59280017469392,1.13380419100053,0,0,0
1674,-9.55015209122664,-1.68670833885494,1.08206086739741,0,0,0
1675,-9.47934499612796,-1.81246877789825,0.95509209700524,0,0,0
1676,-9.4158141114987,-1.79486902528466,0.860459447284028,0,0,0
1677,-9.32110759110966,-1.66844917496815,0.848872733892301,0,0,0
1678,-9.23494160725362,-1.51182786407782,0.916789925333511,0,0,0
1679,-9.25837794930667,-1.37521275661409,1.06082395301365,0,0,0
1680,-9.42908286169525,-1.25752993813869,1.17167363856217,0,0,0
1681,-9.59646870113848,-1.14098493303854,1.25032739109713,0,0,0
1682,-9.71278868759099,-1.02392071906214,1.28670439400661,0,0,0
1683,-9.74956004603201,-0.879989814210514,1.26370247670861,0,0,0
1684,-9.67463336194199,-0.748214174665555,1.27273800833664,0,0,0
1685,-9.5804032856245,-0.592568664023145,1.26112083604382,0,0,0
1686,-9.48323313672585,-0.465996497112508,1.2405941704108,0,0,0
1687,-9.40758880883048,-0.388302433076097,1.18635119039775,0,0,0
1688,-9.39022509080996,-0.368647676596758,1.10481838608371,0,0,0
1689,-9.33885930231685,-0.347104213859492,1.01883949228759,0,0,0
1690,-9.31242745687191,-0.293323816960308,0.953361969681163,0,0,0
1691,-9.27482201875337,-0.194153599906024,0.851980072801751,0,0,0
1692,-9.25219361738268,-0.0824193199705611,0.77034515907952,0,0,0
1693,-9.22951112068742,0.0612980004301119,0.747687455749512,0,0,0
1694,-9.25112556513716,0.192812949575923,0.741170967292367,0,0,0
1695,-9.32104440830901,0.308248353759744,0.709282058401211,0,0,0
1696,-9.45547239493401,0.418741337545048,0.700412027153032,0,0,0
1697,-9.60175994476162,0.50376929817691,0.652699970962803,0,0,0
1698,-9.69724023901682,0.563975245518868,0.646019950538338,0,0,0
1699,-9.76374668523391,0.618794516566592,0.666236498006688,0,0,0
1700,-9.83398748112754,0.651594345490706,0.677637388908773,0,0,0
1701,-9.89142370599017,0.678920355731045,0.67735753271749,0,0,0
1702,-9.92754795087575,0.693163450152902,0.704565489518033,0,0,0
1703,-9.94747099710228,0.693833257353739,0.747683285180223,0,0,0
1704,-9.86346538977404,0.633628176303791,0.745240524386381,0,0,0
1705,-9.71539301863748,0.55268947667253,0.783720156623234,0,0,0
1706,-9.63496746700147,0.45917484476756,0.817644805823772,0,0,0
1707,-9.55130799170315,0.343718471977389,0.842844902331483,0,0,0
1708,-9.50051463444249,0.220724362172804,0.842557580215825,0,0,0
1709,-9.44198444091943,0.112216400719484,0.876705054662231,0,0,0
1710,-9.44934774939251,0.0202856688415097,0.946919432226905,0,0,0
1711,-9.45851338132916,-0.0368069859200673,1.02329748553951,0,0,0
1712,-9.48451167214704,-0.0445600421184777,1.15931661577049,0,0,0
1713,-9.56825081800337,-0.105140236184911,1.25146318726608,0,0,0
1714,-9.63816402186442,-0.179460738480369,1.23851641075125,0,0,0
1715,-9.66061124351133,-0.197241282194319,1.21135172436086,0,0,0
1716,-9.66272911939703,-0.192505159852822,1.19789252511619,0,0,0
1717,-9.68556775485566,-0.196931894950121,1.12318807349783,0,0,0
1718,-9.68509453714019,-0.207844068514685,0.987781406726494,0,0,0
1719,-9.73783754995149,-0.180424726859452,1.01921517863111,0,0,0
1720,-9.81748314454508,-0.129638679868504,1.16837542103985,0,0,0
1721,-9.89162972031515,-0.132715650434162,1.15045535180386,0,0,0
1722,-9.90782164672414,-0.167029488100668,1.0574217488672,0,0,0
1723,-9.98237213065507,-0.172788169309909,1.09351874517024,0,0,0
1724,-10.145398145235,-0.223414164071465,1.18440758272498,0,0,0
1725,-10.295136111862,-0.295009894920821,1.2253335197564,0,0,0
1726,-10.2982409585352,-0.366654062352979,1.17807788861808,0,0,0
1727,-10.202688167455,-0.42904420335314,1.12829651875275,0,0,0
1728,-10.0850699015027,-0.448887080077082,1.07403383999891,0,0,0
1729,-9.91340878235043,-0.481158252264124,1.13032234464564,0,0,0
1730,-9.71508910734178,-0.491453703175781,1.25206835973495,0,0,0
1731,-9.58916931967294,-0.459670943383729,1.32206215177465,0,0,0
1732,-9.56027926127725,-0.43084586601471,1.25425515004851,0,0,0
1733,-9.51128071498644,-0.404829930610146,1.22699620678728,0,0,0
1734,-9.35340692559959,-0.380015225710384,1.19769499530222,0,0,0
1735,-9.15066740891552,-0.365284684427929,1.15011455605585,0,0,0
1736,-8.97074362899082,-0.348160917867165,1.13632935674872,0,0,0
1737,-8.86675824062252,-0.365637035956254,1.1791916328492,0,0,0
1738,-8.81206212825815,-0.377426057588574,1.21549654511529,0,0,0
1739,-8.79904827279178,-0.371286934660473,1.2265825681548,0,0,0
1740,-8.83085839685945,-0.368701338695053,1.21747088355186,0,0,0
1741,-8.87124495318502,-0.379232485851296,1.170078977889,0,0,0
1742,-8.97383316796122,-0.431177402403398,1.03478429253511,0,0,0
1743,-9.03516705440769,-0.501469339339697,0.965172499826811,0,0,0
1744,-9.03641993976172,-0.610028358763048,0.88811344663671,0,0,0
1745,-9.02210908567905,-0.730631570599628,0.816439110820032,0,0,0
1746,-9.03878168759678,-0.861410356003934,0.734896375553582,0,0,0
1747,-9.12799019239528,-1.00519112696335,0.609014594312006,0,0,0
1748,-9.2094504888767,-1.14571288806776,0.468994781225956,0,0,0
1749,-9.30220264078867,-1.32256311283632,0.319696467497402,0,0,0
1750,-9.39249062942111,-1.51316886974825,0.191801463959871,0,0,0
1751,-9.47332246445571,-1.73300302180112,0.12384851417226,0,0,0
1752,-9.5601131833779,-1.95430678047285,0.112752400782854,0,0,0
1753,-9.61953184032599,-2.13014340953785,0.0614196404777519,0,0,0
1754,-9.66091540206749,-2.26724383075405,-0.0110686607593521,0,0,0
1755,-9.65340561972539,-2.31000013791935,-0.0833024901019629,0,0,0
1756,-9.57768750430476,-2.26190032481708,-0.139965564920346,0,0,0
1757,-9.42889333110916,-2.12274144310132,-0.10633418227975,0,0,0
1758,-9.34530152582992,-1.93445005342637,-0.0247968518626929,0,0,0
1759,-9.3664844673626,-1.73167205072044,0.0405964543365962,0,0,0
1760,-9.39187493151772,-1.5581841132599,0.0607555183647012,0,0,0
1761,-9.41840830251972,-1.46348958795044,0.0312139861029588,0,0,0
1762,-9.4301319444405,-1.42493842786723,0.0696732067820494,0,0,0
1763,-9.39582965157103,-1.43425376971865,0.196333460515035,0,0,0
1764,-9.37658007917109,-1.4492626050719,0.286099020272125,0,0,0
1765,-9.37335625391332,-1.48264046856179,0.263740113672303,0,0,0
1766,-9.33437822124227,-1.52147441144865,0.247945597747151,0,0,0
1767,-9.28861901372935,-1.55361783538927,0.351940205116343,0,0,0
1768,-9.27913996604137,-1.61043213113301,0.437626920336223,0,0,0
1769,-9.25291117931996,-1.69854945291789,0.455771959786388,0,0,0
1770,-9.22655523079191,-1.78429992338449,0.532733683994003,0,0,0
1771,-9.27163626130306,-1.82692541270944,0.625121335843726,0,0,0
1772,-9.43888012096898,-1.89087744893759,0.598583370403626,0,0,0
1773,-9.5217721764817,-1.93461379108465,0.546641644642441,0,0,0
1774,-9.4880436714733,-1.9581192108138,0.650345755739365,0,0,0
1775,-9.54717095045288,-1.93255810019543,0.772320781431844,0,0,0
1776,-9.68531817491741,-1.86011660024351,0.81553689439654,0,0,0
1777,-9.74829060803447,-1.78341925347199,0.839956617577341,0,0,0
1778,-9.78798782353347,-1.67911687564664,0.950734154273185,0,0,0
1779,-9.86450580778394,-1.54295174773482,1.08625010949253,0,0,0
1780,-10.0910983425099,-1.36663940999844,1.18313967044978,0,0,0
1781,-10.4693767844251,-1.23413548985956,1.10665037674736,0,0,0
1782,-10.7017866943767,-1.22803114496946,0.867294005774163,0,0,0
1783,-10.4864510797811,-1.29443519861587,0.822050145784212,0,0,0
1784,-9.98860494073738,-1.42207528651511,1.0092204635108,0,0,0
1785,-9.61556983458009,-1.60783040839587,1.03185205972945,0,0,0
1786,-9.41755607634773,-1.73709664624595,0.830652982079201,0,0,0
1787,-9.31145329175058,-1.79587313508583,0.551160323498107,0,0,0
1788,-9.30947623811583,-1.83485980261614,0.383584004101151,0,0,0
1789,-9.29053428767974,-1.76569919137329,0.415021160538032,0,0,0
1790,-9.27503386777758,-1.61548635722175,0.552623837735563,0,0,0
1791,-9.40369235869989,-1.44673418742573,0.611445250328535,0,0,0
1792,-9.61417982798918,-1.26353660684659,0.676888545222496,0,0,0
1793,-9.886776098849,-1.1080503887116,0.799155554584304,0,0,0
1794,-10.107939305652,-0.990334178930314,0.95030889694455,0,0,0
1795,-10.2052610622262,-0.872537307465977,1.06288865400687,0,0,0
1796,-10.1594924367435,-0.737855492435299,1.07655394627467,0,0,0
1797,-9.98088885267751,-0.639781683792684,1.06268326596378,0,0,0
1798,-9.73885283086586,-0.560755067408339,1.07589355005466,0,0,0
1799,-9.50692207790291,-0.526086548932326,1.03514401306466,0,0,0
1800,-9.30094317581711,-0.471527190091765,0.998523696016926,0,0,0
1801,-9.16691807432346,-0.392771278372709,0.984799156971004,0,0,0
1802,-9.10052420674397,-0.28543620182979,0.858352562912602,0,0,0
1803,-9.08385169187449,-0.170525587757029,0.713862881542996,0,0,0
1804,-9.08083130483675,-0.0532770271583592,0.695859945265551,0,0,0
1805,-9.11908835816367,0.0571639965218821,0.648145146846497,0,0,0
1806,-9.17278146350692,0.147661361308419,0.564324524991644,0,0,0
1807,-9.2860807723158,0.208388913185858,0.519356608465652,0,0,0
1808,-9.4317819860086,0.293957653247828,0.501293760470162,0,0,0
1809,-9.59657896315535,0.330759885349427,0.49252282880885,0,0,0
1810,-9.75320734897157,0.343774904092389,0.494485769401584,0,0,0
1811,-9.87572573004815,0.390757044180464,0.469672876171111,0,0,0
1812,-9.98009504410591,0.442092631707972,0.483335505714742,0,0,0
1813,-10.0130339851532,0.500682719596042,0.487619134298003,0,0,0
1814,-9.99540527267991,0.538812367009609,0.480887539253189,0,0,0
1815,-9.89591721660333,0.560257387163649,0.478829428948904,0,0,0
1816,-9.74535329843049,0.552680197126042,0.519102196819469,0,0,0
1817,-9.62114763633268,0.514244337265812,0.570814916052758,0,0,0
1818,-9.57062274399885,0.432085364907125,0.591003291135709,0,0,0
1819,-9.57229029433286,0.332089897426667,0.618792148226054,0,0,0
1820,-9.53461189856473,0.221124661053504,0.625564704111897,0,0,0
1821,-9.4538017189689,0.0914450957718844,0.659431408882379,0,0,0
1822,-9.36433829232537,-0.0182077233058515,0.75425260564456,0,0,0
1823,-9.29527388366202,-0.0682366376310885,0.777134401354352,0,0,0
1824,-9.27002819777836,-0.0728302185057254,0.842813318672156,0,0,0
1825,-9.36713139965324,-0.0463237086812611,1.01920967963401,0,0,0
1826,-9.64614118197773,-0.0387662836750052,1.15197116360248,0,0,0
1827,-9.94763983676727,-0.0924911616398207,1.15213307280306,0,0,0
1828,-10.0876076382377,-0.170363599143663,1.1459169354119,0,0,0
1829,-10.0833318680605,-0.280357293328617,1.11224869885066,0,0,0
1830,-10.0416280895456,-0.396370285842846,1.0419451473171,0,0,0
1831,-9.96343447364577,-0.437292323820495,0.990373615239571,0,0,0
1832,-9.93406002862837,-0.32569734688044,0.938095965728468,0,0,0
1833,-9.95786663648457,-0.120885520580484,0.890367405324238,0,0,0
1834,-9.9652435915125,0.043162328077509,0.87203275308484,0,0,0
1835,-9.94972390632525,0.0723323251712085,0.865311753435293,0,0,0
1836,-9.93917126508456,-0.0245762728120935,0.935423785449494,0,0,0
1837,-9.87345517747874,-0.162522154271086,1.05994053353847,0,0,0
1838,-9.80847101486809,-0.280603434081894,1.17972731515938,0,0,0
1839,-9.80954826012203,-0.366218542486687,1.19779200307644,0,0,0
1840,-9.88005749113433,-0.466194255372328,1.16632545856626,0,0,0
1841,-9.95937058188778,-0.581824817391453,1.19360429910369,0,0,0
1842,-9.98566624602761,-0.720107168509001,1.27997787706634,0,0,0
1843,-9.93378075302394,-0.876356621705601,1.37713242882172,0,0,0
1844,-9.83058131847992,-0.995128771885198,1.38387041915482,0,0,0
1845,-9.67213094937823,-1.03372201409903,1.42446037199983,0,0,0
1846,-9.52908677414576,-0.996228252030386,1.49631275674739,0,0,0
1847,-9.42867964669978,-0.893919248162222,1.519009259269,0,0,0
1848,-9.32493134247967,-0.779016785415306,1.44861103412886,0,0,0
1849,-9.17581843279108,-0.653185213642404,1.32867348997353,0,0,0
1850,-8.99946768593986,-0.550457039900401,1.1996123439103,0,0,0
1851,-8.80685755229793,-0.452120392229936,1.07977100159008,0,0,0
1852,-8.61796004372983,-0.391788470073463,0.998464539662184,0,0,0
1853,-8.55769450921595,-0.386470049991874,0.878426379237568,0,0,0
1854,-8.54546837729308,-0.426797966103356,0.743043096897648,0,0,0
1855,-8.60781599182398,-0.4980338169443,0.684245032063954,0,0,0
1856,-8.77636475198681,-0.654581779503956,0.571691632238485,0,0,0
1857,-8.94807665555217,-0.880561906832112,0.443501079219007,0,0,0
1858,-9.09525211823276,-1.14144409345727,0.344306739850701,0,0,0
1859,-9.25030335135945,-1.42397447348893,0.286181435962469,0,0,0
1860,-9.36921002276624,-1.72301916760087,0.227953181668541,0,0,0
1861,-9.49512787183687,-2.00619727809188,0.151644271230467,0,0,0
1862,-9.57684717237581,-2.28637720947165,0.122345411779998,0,0,0
1863,-9.60511276947337,-2.47451256861087,0.0729730404780327,0,0,0
1864,-9.56829813034505,-2.54286091819208,0.0253976177866937,0,0,0
1865,-9.47396971076345,-2.50367069219209,-0.0536599511996587,0,0,0
1866,-9.35226254330699,-2.3457859201072,-0.130603519083151,0,0,0
1867,-9.22244603651005,-2.14783397591448,-0.12864226665241,0,0,0
1868,-9.12902796860824,-1.9336396677815,-0.0453656388745673,0,0,0
1869,-9.20019739801197,-1.74635911644706,0.0423724701497674,0,0,0
1870,-9.33563517141835,-1.60261268407717,0.119100824554472,0,0,0
1871,-9.44628459678055,-1.48209560610689,0.173058158143286,0,0,0
1872,-9.47631584219696,-1.38872341334589,0.195951426694469,0,0,0
1873,-9.47780755386577,-1.32392014935052,0.234085573431321,0,0,0
1874,-9.42809549294327,-1.31780546314723,0.238659860088291,0,0,0
1875,-9.36743560825241,-1.34414106597784,0.297080433085952,0,0,0
1876,-9.33508732163429,-1.41019276852969,0.43706457045962,0,0,0
1877,-9.39584783359637,-1.5371235633185,0.586499295988101,0,0,0
1878,-9.52803645796344,-1.68042191489027,0.654882530364245,0,0,0
1879,-9.61207596748581,-1.83728157912838,0.78345905246551,0,0,0
1880,-9.64702743124242,-1.8928454408251,1.06605531656502,0,0,0
1881,-9.78180749971226,-1.83298268143711,1.28261671125348,0,0,0
1882,-10.04063742237,-1.6911974011254,1.38456068412873,0,0,0
1883,-10.3768898482144,-1.56245590845903,1.39123151628475,0,0,0
1884,-10.6197725387011,-1.45946079776455,1.27157879639275,0,0,0
1885,-10.4443482704857,-1.42853783295839,1.21270621400883,0,0,0
1886,-10.0352068311937,-1.51886417683415,1.32075054905652,0,0,0
1887,-9.72344602665622,-1.66067690190746,1.47230589066282,0,0,0
1888,-9.56042666175829,-1.72895908280757,1.53531925824095,0,0,0
1889,-9.48854316824815,-1.76703932006491,1.34390713679624,0,0,0
1890,-9.41549242171664,-1.72143704854552,1.04303695686232,0,0,0
1891,-9.28113552007902,-1.59671312093694,0.943917779928941,0,0,0
1892,-9.1381754107851,-1.38792509365481,0.952538366530944,0,0,0
1893,-9.05440660487971,-1.19926734411758,1.06924720336481,0,0,0
1894,-9.11460232772879,-1.08109887654286,1.14388603151716,0,0,0
1895,-9.29858556924266,-0.999419460192682,1.1416627691797,0,0,0
1896,-9.52926315713249,-0.962037062866907,1.23211918327976,0,0,0
1897,-9.71283889884571,-0.921097126255403,1.30663475468854,0,0,0
1898,-9.74252333467512,-0.873025764698801,1.30227758050572,0,0,0
1899,-9.55016702039353,-0.81607533121785,1.34471468174856,0,0,0
1900,-9.33370536621778,-0.767211404243963,1.40588271011969,0,0,0
1901,-9.23602774522083,-0.720027527651023,1.33536908594864,0,0,0
1902,-9.1698381628937,-0.585471524106981,1.15704181681483,0,0,0
1903,-9.14393466106752,-0.383633758149382,1.03249220038824,0,0,0
1904,-9.19095719944102,-0.137982611625889,0.986994214695813,0,0,0
1905,-9.2534637853795,0.115066956112156,0.923622121621511,0,0,0
1906,-9.34979857622732,0.380082411771745,0.880683132480956,0,0,0
1907,-9.45974625086111,0.624692818573004,0.846617047482476,0,0,0
1908,-9.56001568908863,0.794460732454438,0.731027108458253,0,0,0
1909,-9.6260714064982,0.977734584576182,0.62472277284505,0,0,0
1910,-9.7325443721577,1.14811920230962,0.574923381489808,0,0,0
1911,-9.82017231733667,1.25501735385354,0.561219871643038,0,0,0
1912,-9.80423806272653,1.27998360598361,0.651814673125974,0,0,0
1913,-9.73816484239384,1.20870824939408,0.760065533421086,0,0,0
1914,-9.70173956355003,1.03708746254636,0.746576537818969,0,0,0
1915,-9.69127604145963,0.784750697774261,0.751163186627176,0,0,0
1916,-9.65686462625041,0.503622064577922,0.903053049936455,0,0,0
1917,-9.68575300786691,0.198308483870682,0.962120567370847,0,0,0
1918,-9.78031290801817,-0.101604123483001,0.996285685985471,0,0,0
1919,-9.87873449066556,-0.416825529195824,1.04873030454627,0,0,0
1920,-9.96702515833339,-0.699044877938455,1.08503511699242,0,0,0
1921,-10.0788379960946,-0.847154515580327,1.1534081375164,0,0,0
1922,-10.1599632378211,-0.864028246515524,1.17596991527279,0,0,0
1923,-10.1277195248185,-0.790706437634027,1.13728284689064,0,0,0
1924,-10.0532316232822,-0.629639785343191,1.08982342161884,0,0,0
1925,-10.0685053978753,-0.436881064596443,1.14119174278895,0,0,0
1926,-10.1250105277643,-0.280737528790698,1.21117468050975,0,0,0
1927,-10.0996373300693,-0.164052807758078,1.19757780763856,0,0,0
1928,-9.99741303871222,-0.0598952030914988,1.21782179507113,0,0,0
1929,-9.94242652713067,-0.00280318854957906,1.28754865018593,0,0,0
1930,-9.97380800435967,-0.00441744870178112,1.35316566618898,0,0,0
1931,-10.0238536478885,-0.0908908278587633,1.35574105335472,0,0,0
1932,-10.0374030373199,-0.230096802941868,1.40558699230509,0,0,0
1933,-9.95090586520738,-0.395292458511016,1.46687810498668,0,0,0
1934,-9.88581958789533,-0.526913871006642,1.45558667749188,0,0,0
1935,-9.81272641198814,-0.584306819477664,1.45785780351164,0,0,0
1936,-9.742623304275,-0.621797451961543,1.45991853551375,0,0,0
1937,-9.61349648297134,-0.669003974846093,1.41687445584832,0,0,0
1938,-9.41572261464321,-0.714127823692448,1.3652264794577,0,0,0
1939,-9.18576557034731,-0.731622488370076,1.25423086309766,0,0,0
1940,-9.00923749935489,-0.731644486651101,1.21600521018732,0,0,0
1941,-8.9149372448884,-0.706195625235294,1.20688111104104,0,0,0
1942,-8.83107548466737,-0.643097710910714,1.17927192966734,0,0,0
1943,-8.800479054265,-0.56687296811298,1.08214763436833,0,0,0
1944,-8.80506322540046,-0.54628560757452,0.996399060011739,0,0,0
1945,-8.82395786390696,-0.528485739241418,0.923830204505539,0,0,0
1946,-8.82331107824095,-0.555272491399458,0.914920114253011,0,0,0
1947,-8.85954450212994,-0.657671446519899,0.879108429519028,0,0,0
1948,-8.90246789771087,-0.787251099514029,0.782156622922933,0,0,0
1949,-8.98831313102088,-0.9367263065736,0.673769092916789,0,0,0
1950,-9.11404027199876,-1.09172464446715,0.558927106023607,0,0,0
1951,-9.20141434892574,-1.26104025768635,0.459788552265851,0,0,0
1952,-9.22043247523167,-1.46279956634188,0.401389961173781,0,0,0
1953,-9.22079368850611,-1.68939670763906,0.331809342657279,0,0,0
1954,-9.25364833720879,-1.92315348997446,0.286619013016192,0,0,0
1955,-9.31879954014052,-2.12509279319828,0.245836438777279,0,0,0
1956,-9.39104597932693,-2.25419144492611,0.148903170717604,0,0,0
1957,-9.43928448553119,-2.29543801384437,0.0227895358162823,0,0,0
1958,-9.39712283920383,-2.2761907881784,-0.0384344475068206,0,0,0
1959,-9.34875438573113,-2.20287182732378,0.0314711344942775,0,0,0
1960,-9.34015966868719,-2.11906367600058,0.158340398175236,0,0,0
1961,-9.40154604546119,-2.01333436996679,0.171336023935581,0,0,0
1962,-9.42586685926299,-1.89134743762513,0.153250366797493,0,0,0
1963,-9.4019311082089,-1.79898783419211,0.121806445289299,0,0,0
1964,-9.34977998121111,-1.69215489811395,0.155439632976908,0,0,0
1965,-9.35570844832452,-1.60667651580768,0.193748178658252,0,0,0
1966,-9.40837956290454,-1.57004249075242,0.200423121458774,0,0,0
1967,-9.38117305408512,-1.5864140336925,0.381108319898878,0,0,0
1968,-9.40975526815115,-1.63781963900094,0.539282231172352,0,0,0
1969,-9.44225089118543,-1.71818515843024,0.510028047700796,0,0,0
1970,-9.41844495125986,-1.78360433500634,0.532764116931922,0,0,0
1971,-9.43653788200345,-1.78338889496298,0.6073087619416,0,0,0
1972,-9.48748954529795,-1.74505786526219,0.760595912902744,0,0,0
1973,-9.57927374100216,-1.7453231830333,0.993674773844084,0,0,0
1974,-9.73597292625356,-1.73022277864625,1.35936401200941,0,0,0
1975,-9.95300566619358,-1.68841212400993,1.47700527201041,0,0,0
1976,-10.1584942625335,-1.66466822583657,1.32353366400852,0,0,0
1977,-10.2597487177245,-1.66045382417994,1.19947082524524,0,0,0
1978,-10.2427710417479,-1.76003696294066,1.22647691434234,0,0,0
1979,-10.1317461615304,-1.84135774022779,1.49271494400478,0,0,0
1980,-10.0555874704588,-1.9117692396557,1.52464605942785,0,0,0
1981,-9.92234733931022,-1.92506708591608,1.24667108932532,0,0,0
1982,-9.72423749195493,-1.84411974543001,0.993876483923492,0,0,0
1983,-9.53242997605847,-1.73049205715878,0.781129906482011,0,0,0
1984,-9.39003842264185,-1.59539217793434,0.677093167653439,0,0,0
1985,-9.27553474278157,-1.46290657351389,0.649483943019091,0,0,0
1986,-9.20736189177225,-1.38350858555769,0.692074349413873,0,0,0
1987,-9.23567587959556,-1.3753420899647,0.83495210670044,0,0,0
1988,-9.42363288208248,-1.35935967984573,1.02007073605662,0,0,0
1989,-9.73772765775826,-1.31146694771416,1.13551170187653,0,0,0
1990,-10.0004422104045,-1.24431004711555,1.19885483774699,0,0,0
1991,-10.0765253007104,-1.14421986951536,1.25526303594233,0,0,0
1992,-9.9497110779458,-1.02928937637356,1.33420188705904,0,0,0
1993,-9.65701488936223,-0.904326449442627,1.4148956319773,0,0,0
1994,-9.3504007309754,-0.790650151228152,1.50020531235726,0,0,0
1995,-9.08764236870732,-0.700158711333123,1.51593523366311,0,0,0
1996,-8.9032225642968,-0.642012047878707,1.44140883188063,0,0,0
1997,-8.76447335105407,-0.535705789612726,1.35114747009783,0,0,0
1998,-8.71610673948668,-0.368588382094087,1.28731439919099,0,0,0
1999,-8.78028836756861,-0.171983716168489,1.11991723659355,0,0,0
2000,-8.87739575139955,-0.00825130713288463,1.02052599944039,0,0,0
2001,-9.01295877461823,0.133121386560471,1.03617951699068,0,0,0
2002,-9.22777037109728,0.307463298949574,1.0383951437147,0,0,0
2003,-9.43213742542145,0.471607368126931,0.998277842918303,0,0,0
2004,-9.66749359097326,0.625522110272826,0.952810914444773,0,0,0
2005,-9.92188354942792,0.728464862061155,0.875982918982147,0,0,0
2006,-10.1535624274989,0.833463750493918,0.815043679118262,0,0,0
2007,-10.2832449200706,0.930415985290917,0.785857593492254,0,0,0
2008,-10.2713361974281,0.976570384638661,0.853172894917797,0,0,0
2009,-10.0967683697013,0.942597079519905,0.900715287891515,0,0,0
2010,-9.88702223143329,0.827165686030691,0.90766672458869,0,0,0
2011,-9.77840845742723,0.65438472011759,0.878321147213067,0,0,0
2012,-9.70100891804935,0.443610588332559,0.937024965651783,0,0,0
2013,-9.6050315563797,0.251323351010852,0.968978177756858,0,0,0
2014,-9.57806047193076,0.0771207889251563,1.0546836401889,0,0,0
2015,-9.51036084002626,-0.0428359018398241,1.14530122519099,0,0,0
2016,-9.50128301904903,-0.164109214922053,1.25628596603744,0,0,0
2017,-9.57150009878307,-0.298092579076986,1.31058534486312,0,0,0
2018,-9.70970155527237,-0.408405287981392,1.28811339831216,0,0,0
2019,-9.81434441240066,-0.455657751053363,1.35627752898131,0,0,0
2020,-9.88035179648705,-0.457440629290635,1.39443199083312,0,0,0
2021,-9.93389930450421,-0.476520881833272,1.31101653830884,0,0,0
2022,-9.923383674625,-0.427164586708154,1.2431998746941,0,0,0
2023,-9.88334161763396,-0.243311423510266,1.26114161221558,0,0,0
2024,-9.86629223649715,-0.0321010004138123,1.27455232104363,0,0,0
2025,-9.86030614932783,0.0881561530390314,1.34395721258127,0,0,0
2026,-9.83576434253792,0.103470162853394,1.36425174493961,0,0,0
2027,-9.91434878803182,-0.0297202852127314,1.34431017346071,0,0,0
2028,-10.0063811044789,-0.221999711118826,1.41214218418009,0,0,0
2029,-10.0185928496725,-0.318737030441532,1.49120798291404,0,0,0
2030,-9.95581804605115,-0.27681700278894,1.63134419590437,0,0,0
2031,-9.88019131501339,-0.253981143702223,1.71229213683966,0,0,0
2032,-9.79992477266038,-0.308797949707143,1.65602350076055,0,0,0
2033,-9.70987261628292,-0.410992152259753,1.60883334443005,0,0,0
2034,-9.56860900894026,-0.512382289082312,1.59745914323957,0,0,0
2035,-9.35247355984425,-0.605468300174453,1.62019121147168,0,0,0
2036,-9.15470581362159,-0.714515484761738,1.60201189989314,0,0,0
2037,-9.01706241699589,-0.744084791635766,1.57691663820796,0,0,0
2038,-8.92190934470437,-0.761247511432327,1.63794859507994,0,0,0
2039,-8.8852214366456,-0.786394137917674,1.64708069976006,0,0,0
2040,-8.84928133154279,-0.759668960359729,1.50935102393928,0,0,0
2041,-8.77878708954582,-0.7030051839084,1.39593272758876,0,0,0
2042,-8.71145641471515,-0.601636574361729,1.23373711682304,0,0,0
2043,-8.62055434941907,-0.552056574674406,1.12482913145873,0,0,0
2044,-8.56177761180312,-0.580214637225578,0.980079315695515,0,0,0
2045,-8.52071942716742,-0.678689395434973,0.831571707865001,0,0,0
2046,-8.56829198916347,-0.840309532897586,0.808901367822803,0,0,0
2047,-8.77713692617441,-1.04158013835963,0.736884187025946,0,0,0
2048,-9.03008867763809,-1.25490691866804,0.696914314609499,0,0,0
2049,-9.29782725221642,-1.46456526064713,0.611201098256925,0,0,0
2050,-9.4946687602751,-1.68359478734173,0.494216031645011,0,0,0
2051,-9.671205037105,-1.90525826145193,0.426909046647798,0,0,0
2052,-9.7903210085682,-2.11757722021655,0.404242580679635,0,0,0
2053,-9.84771977568073,-2.30507407959687,0.3753122483953,0,0,0
2054,-9.83395764753129,-2.40107673147446,0.224467819211844,0,0,0
2055,-9.70350573237257,-2.41489722951741,0.142796955351607,0,0,0
2056,-9.50234542570308,-2.3057945062846,0.158356897202914,0,0,0
2057,-9.40591648979647,-2.15027267848372,0.234821767704355,0,0,0
2058,-9.39340100434751,-1.99152843953091,0.335990243900761,0,0,0
2059,-9.40980435266641,-1.85497413064745,0.386317074657055,0,0,0
2060,-9.40766831295468,-1.75906512016492,0.372275661708642,0,0,0
2061,-9.34236396153018,-1.65508563005704,0.426037521636771,0,0,0
2062,-9.28753901499194,-1.57531059247912,0.493576930593516,0,0,0
2063,-9.21727735367127,-1.54648206048476,0.482592544098079,0,0,0
2064,-9.06915051350227,-1.52904834196344,0.495833923299666,0,0,0
2065,-8.94226382139679,-1.52830422925656,0.487003900224834,0,0,0
2066,-8.85345307832583,-1.54496202291519,0.51435483094272,0,0,0
2067,-8.80032604990882,-1.56507106137181,0.656052511857939,0,0,0
2068,-8.86133624944583,-1.66716519807454,0.877830850821214,0,0,0
2069,-9.15390232856841,-1.84240997603353,1.21483509256742,0,0,0
2070,-9.5540175029551,-2.04934693089247,1.29220883815795,0,0,0
2071,-9.78757394430263,-2.14265810465146,1.20635061942035,0,0,0
2072,-9.81644675982718,-2.05267778458001,1.41848416171587,0,0,0
2073,-9.95315984009942,-1.85776944918203,1.84965997993351,0,0,0
2074,-10.3646328598895,-1.62828372084398,2.14810609423749,0,0,0
2075,-10.8912703003086,-1.43331494809822,1.98318266820502,0,0,0
2076,-11.0895460428689,-1.30402854300398,1.64881220917286,0,0,0
2077,-10.8964195973623,-1.22809228611331,1.61717363236378,0,0,0
2078,-10.5182323388982,-1.16654010921058,1.70739014138609,0,0,0
2079,-10.0792364504537,-1.16756596160017,1.58475466982278,0,0,0
2080,-9.71932723668386,-1.25198199849588,1.2908944886071,0,0,0
2081,-9.52955017116577,-1.36209344490269,0.986265497145565,0,0,0
2082,-9.42601632392546,-1.4690714178379,0.819272432277642,0,0,0
2083,-9.33255070711591,-1.54268764996939,0.794348246521438,0,0,0
2084,-9.25704196770041,-1.6113976920894,0.832767000824056,0,0,0
2085,-9.23084303654255,-1.6812453889834,0.756128776668631,0,0,0
2086,-9.30441869197898,-1.72033074599338,0.76083274483578,0,0,0
2087,-9.46124018164053,-1.69158229761894,0.977440910446468,0,0,0
2088,-9.58988622420014,-1.54343752809551,1.21461478096136,0,0,0
2089,-9.69356123196248,-1.27435454684132,1.3205498758375,0,0,0
2090,-9.75251442212857,-0.965239059715668,1.32261391340534,0,0,0
2091,-9.69495430639852,-0.647324717613248,1.30397676835393,0,0,0
2092,-9.49159001196366,-0.373838113940157,1.37601576254072,0,0,0
2093,-9.24614846088657,-0.202331904447061,1.40060965279989,0,0,0
2094,-9.06346933555531,-0.0773467755021558,1.38219073977518,0,0,0
2095,-8.93532582302696,-0.0364162059636604,1.27374624186763,0,0,0
2096,-8.89342105820415,-0.0128562262448821,1.18758013388597,0,0,0
2097,-8.96843247499091,0.0380589891016161,1.14475870581252,0,0,0
2098,-9.07519325056597,0.0756385105725873,1.08371225141531,0,0,0
2099,-9.16519691805431,0.118459364133953,0.971181867952414,0,0,0
2100,-9.28540311236781,0.151786251570099,0.887563208656186,0,0,0
2101,-9.41975827622912,0.209861052955024,0.819641245419043,0,0,0
2102,-9.5378689866692,0.236105153457752,0.839826663863952,0,0,0
2103,-9.70659575672816,0.236995708828899,0.837871678586581,0,0,0
2104,-9.83724943705795,0.252975144911795,0.860719555019445,0,0,0
2105,-9.92998153357505,0.281629009618368,0.885691064688885,0,0,0
2106,-9.99017531267182,0.34280379948827,0.810844633346392,0,0,0
2107,-9.94585346503292,0.405273619126812,0.758897630561496,0,0,0
2108,-9.83360945652715,0.409766547383145,0.790245771851573,0,0,0
2109,-9.70582804119628,0.365688552747331,0.847056759241311,0,0,0
2110,-9.64691992652292,0.273665397654775,0.830728681268152,0,0,0
2111,-9.61174465528481,0.167092537044594,0.794489197987445,0,0,0
2112,-9.53478397439736,0.0609494417485609,0.801711677053508,0,0,0
2113,-9.51253466211499,-0.0380494844894091,0.905889048593219,0,0,0
2114,-9.54743662970532,-0.114007780856316,0.996336056025516,0,0,0
2115,-9.60590821269968,-0.176835138503577,1.06381522377525,0,0,0
2116,-9.65863713660558,-0.199761763632562,1.07790590401837,0,0,0
2117,-9.67697176662095,-0.22259763400593,1.15444617207971,0,0,0
2118,-9.66705393493547,-0.231085746410136,1.247433333465,0,0,0
2119,-9.67603067174844,-0.249188849424221,1.31737845042231,0,0,0
2120,-9.69156463810479,-0.278381432667567,1.3466856003823,0,0,0
2121,-9.71233692653335,-0.285318078763461,1.3080239241957,0,0,0
2122,-9.71623981245236,-0.270972447210603,1.27903273915942,0,0,0
2123,-9.77622452473348,-0.189101474233693,1.31060533899638,0,0,0
2124,-9.85152758318222,-0.124814097513964,1.38069819640989,0,0,0
2125,-9.8724286234648,-0.0908379050371348,1.45972572170783,0,0,0
2126,-9.87075355744047,-0.0709044739970468,1.53414054966297,0,0,0
2127,-9.87818835716372,-0.00291657334950621,1.49360990004389,0,0,0
2128,-9.86093675601099,0.0462798972639057,1.47321891054107,0,0,0
2129,-9.83866720324609,0.0250939282885773,1.48649138803916,0,0,0
2130,-9.79396705183796,-0.0491960784556161,1.44391478882551,0,0,0
2131,-9.7196472458457,-0.21958016648848,1.44376015767985,0,0,0
2132,-9.64667553801202,-0.384540818898363,1.49150854351788,0,0,0
2133,-9.61549289015648,-0.399121886947356,1.5047681159506,0,0,0
2134,-9.61113902631002,-0.337697662135242,1.46894489215868,0,0,0
2135,-9.6208602771283,-0.319938799006662,1.47099984575532,0,0,0
2136,-9.6550998650887,-0.319764354433678,1.47308985519095,0,0,0
2137,-9.64558800169399,-0.34912111182122,1.45278766023794,0,0,0
2138,-9.6175657331312,-0.366898959990304,1.36724920875129,0,0,0
2139,-9.59804235129291,-0.329112455593786,1.29256750784678,0,0,0
2140,-9.56281488155473,-0.278014362079998,1.32185101330965,0,0,0
2141,-9.55003860302814,-0.269810313767668,1.32832235761209,0,0,0
2142,-9.55212838712939,-0.292443985317373,1.32599358594358,0,0,0
2143,-9.47696280408484,-0.324922940609921,1.30122959419,0,0,0
2144,-9.41930414006342,-0.390855466504085,1.29458153127057,0,0,0
2145,-9.39802875038384,-0.465627480860517,1.34423998853048,0,0,0
2146,-9.39622425881393,-0.53019727319339,1.44632588049747,0,0,0
2147,-9.39925058621438,-0.622344292601816,1.47352890521041,0,0,0
2148,-9.39136084603005,-0.701271367583839,1.40801370963345,0,0,0
2149,-9.39709697496315,-0.773202860640215,1.31539714712861,0,0,0
2150,-9.35967387526575,-0.854715399297218,1.29287342493263,0,0,0
2151,-9.24588192668363,-0.956033183376855,1.2835841983323,0,0,0
2152,-9.11727846095003,-1.05866464495002,1.22743102604866,0,0,0
2153,-9.0191518736146,-1.11393668677517,1.14169485832159,0,0,0
2154,-9.01593419750739,-1.1564082207262,1.0424569281397,0,0,0
2155,-9.03512870545149,-1.2303039858285,0.891128366211194,0,0,0
2156,-9.07631984078356,-1.32614891523869,0.753485213451911,0,0,0
2157,-9.12635036529854,-1.45818762061572,0.615693775794669,0,0,0
2158,-9.18652612992122,-1.62326061722351,0.512111839102316,0,0,0
2159,-9.24166329855385,-1.80847292781075,0.415420471334344,0,0,0
2160,-9.27917871832944,-1.98298108087703,0.377332370502135,0,0,0
2161,-9.32907561418656,-2.15373548496405,0.37038546061394,0,0,0
2162,-9.37823874946282,-2.28049068622544,0.339223114276112,0,0,0
2163,-9.40188204956598,-2.34743190333292,0.233157547635589,0,0,0
2164,-9.3517369022982,-2.33861115751058,0.136286872645928,0,0,0
2165,-9.22322380768563,-2.24926175302671,0.135718909059409,0,0,0
2166,-9.12373306202186,-2.14324383265265,0.212234341577018,0,0,0
2167,-9.14112064744305,-2.0600353390321,0.275300521765172,0,0,0
2168,-9.24383955575084,-1.99789244212927,0.315860271507234,0,0,0
2169,-9.35964280239946,-1.93740486485174,0.343072347017285,0,0,0
2170,-9.38115367348813,-1.86518234303911,0.401732577478688,0,0,0
2171,-9.35348933071867,-1.73939711622767,0.417583235649878,0,0,0
2172,-9.32366094291288,-1.64566683233734,0.43091837073049,0,0,0
2173,-9.29572667396609,-1.55160709754961,0.509945994306792,0,0,0
2174,-9.27682789701029,-1.50530548442592,0.55024902428742,0,0,0
2175,-9.23656403751687,-1.54754534326983,0.532777346528912,0,0,0
2176,-9.15750636714661,-1.61946763931938,0.554904917859859,0,0,0
2177,-9.12447960249969,-1.68716551675504,0.638715005560424,0,0,0
2178,-9.17529175032911,-1.76753243494574,0.717788089862411,0,0,0
2179,-9.20097166374724,-1.86624604627351,0.753951271990021,0,0,0
2180,-9.20644212844895,-1.96312912609052,0.873666409646951,0,0,0
2181,-9.29673968807838,-2.06008073372613,0.93058240953248,0,0,0
2182,-9.38609490608209,-2.12629384973052,0.975787748988895,0,0,0
2183,-9.48465445793223,-2.1606418953441,1.1340857630511,0,0,0
2184,-9.63074381126211,-2.22403661719243,1.34184743199301,0,0,0
2185,-9.69566773000307,-2.27049672383796,1.46380749007808,0,0,0
2186,-9.71727109274547,-2.20750641606045,1.57884657829311,0,0,0
2187,-9.97913401277882,-2.03218081247446,1.71905635652865,0,0,0
2188,-10.4519506340895,-1.82028760909244,1.89973564419687,0,0,0
2189,-10.8224711757073,-1.62290593528521,1.8208168203056,0,0,0
2190,-10.8057151713655,-1.45067496792587,1.67795047119035,0,0,0
2191,-10.4715461534473,-1.27535837243654,1.67801829164822,0,0,0
2192,-10.0777279915457,-1.0907808858993,1.75435106071792,0,0,0
2193,-9.83136151737175,-1.01197377277358,1.73358541284219,0,0,0
2194,-9.68198001459129,-1.05035050173556,1.53467683529413,0,0,0
2195,-9.50734888434197,-1.20301067548374,1.31141142313054,0,0,0
2196,-9.41188591113725,-1.38878654846161,1.03138715200507,0,0,0
2197,-9.34665022850639,-1.49737164741058,0.848611232645611,0,0,0
2198,-9.22030980668205,-1.4993847982354,0.805616504048043,0,0,0
2199,-9.11904224088456,-1.47386724522989,0.798842443378188,0,0,0
2200,-9.12384710173985,-1.44441136488083,0.828271812095484,0,0,0
2201,-9.28746659201747,-1.36988400125655,0.898316769448737,0,0,0
2202,-9.54704683803251,-1.24704392875016,1.04949052576373,0,0,0
2203,-9.78350310108022,-1.12408554705299,1.25965960806136,0,0,0
2204,-9.86947301160602,-0.976782683424194,1.46283098534084,0,0,0
2205,-9.78627904178392,-0.825319371595586,1.50326846377374,0,0,0
2206,-9.62238403497408,-0.643677859808909,1.52329298597649,0,0,0
2207,-9.51721412291781,-0.493098570503207,1.52277597146286,0,0,0
2208,-9.4147073812164,-0.416038082034709,1.47293701178429,0,0,0
2209,-9.24144629401844,-0.325620363344123,1.35801647751951,0,0,0
2210,-9.09742405936111,-0.188834434958069,1.22658655205123,0,0,0
2211,-9.0385536153014,0.0550336278186089,1.05444432811748,0,0,0
2212,-9.04061363685334,0.288437451538841,0.900325656232168,0,0,0
2213,-9.05200959608792,0.487292858812489,0.830490009274365,0,0,0
2214,-9.17156815344854,0.642334174530809,0.796621916342773,0,0,0
2215,-9.48391107734841,0.712598640244957,0.812564742164527,0,0,0
2216,-9.80867789103386,0.740759790563633,0.815201656987482,0,0,0
2217,-9.99625949171674,0.716060961554464,0.8127094330071,0,0,0
2218,-10.03232017693,0.600101609488373,0.853703615972332,0,0,0
2219,-9.90849623261992,0.458437940274884,0.925950372734471,0,0,0
2220,-9.71933486194483,0.333914676701268,0.973387273508771,0,0,0
2221,-9.61635136982043,0.212616581759671,1.05908184461375,0,0,0
2222,-9.55066294131963,0.0975725724280013,0.971364455837478,0,0,0
2223,-9.45269402714592,0.0398801184814449,0.87424232715371,0,0,0
2224,-9.33673350020526,-0.0479199483599547,0.971185166481948,0,0,0
2225,-9.39939823840512,-0.231513447508993,1.05715233548031,0,0,0
2226,-9.52644578912538,-0.424472826949303,1.08483319160658,0,0,0
2227,-9.57016888465341,-0.548001071063663,1.11632617946091,0,0,0
2228,-9.66107090163354,-0.643178876646564,1.11422950227501,0,0,0
2229,-9.84191051342126,-0.738873464929473,1.04001476228238,0,0,0
2230,-9.91381600865693,-0.794523025153174,1.0940398733,0,0,0
2231,-9.85472047681364,-0.827060431957534,1.19115416045845,0,0,0
2232,-9.7509688650186,-0.817364340078612,1.22956647213469,0,0,0
2233,-9.66966048600793,-0.802644753411519,1.29292835212814,0,0,0
2234,-9.69090468898358,-0.757542347937547,1.30635012083829,0,0,0
2235,-9.75064641209569,-0.68681756783647,1.24533294581186,0,0,0
2236,-9.74708923261416,-0.603328075455646,1.24995030774654,0,0,0
2237,-9.69788850218434,-0.579433524837498,1.27925354088393,0,0,0
2238,-9.65496639342492,-0.598346835774445,1.31754514096003,0,0,0
2239,-9.58613510129607,-0.660020087426654,1.36057366020535,0,0,0
2240,-9.50731436999458,-0.77797189530453,1.32460552793442,0,0,0
2241,-9.41700986865505,-0.946120730949974,1.27936179927628,0,0,0
2242,-9.29151693196884,-1.15012536289306,1.2954972543809,0,0,0
2243,-9.19452393468562,-1.28879401881717,1.2594434387969,0,0,0
2244,-9.16058484533234,-1.29148197982962,1.15327099533065,0,0,0
2245,-9.21588649473933,-1.2300331212595,1.11700927693106,0,0,0
2246,-9.2830488755979,-1.10962654203818,1.13283150099013,0,0,0
2247,-9.32406936126466,-0.969958445837353,1.13251814482534,0,0,0
2248,-9.35067922706,-0.859379856172634,1.13693513318042,0,0,0
2249,-9.33121735603211,-0.807986842421624,1.13009169538725,0,0,0
2250,-9.27995357788368,-0.795696665175112,1.11630125487679,0,0,0
2251,-9.2158087566578,-0.832335076765817,1.11874802501685,0,0,0
2252,-9.19867652402888,-0.927206386369937,1.10970754235212,0,0,0
2253,-9.26647936216909,-1.04278576426139,1.08964457490364,0,0,0
2254,-9.33911233007097,-1.15174225982295,1.08077471575328,0,0,0
2255,-9.38048244638825,-1.23186601213473,1.135189267066,0,0,0
2256,-9.42042657149498,-1.25798054488268,1.11275386469251,0,0,0
2257,-9.45824379829044,-1.28881186961701,1.0902261877338,0,0,0
2258,-9.44937616455519,-1.31877823655603,1.12836021788012,0,0,0
2259,-9.40389936168222,-1.34430927667238,1.18708013725923,0,0,0
2260,-9.3917406084491,-1.39614755585016,1.12840434649651,0,0,0
2261,-9.40689761277204,-1.45688820421047,1.0560128376361,0,0,0
2262,-9.38071768471579,-1.51537194232586,1.03818107963008,0,0,0
2263,-9.38431309179272,-1.55781079954551,1.01122180361841,0,0,0
2264,-9.41328078987424,-1.59123045946779,0.999887809596932,0,0,0
2265,-9.47597991916775,-1.61946324809446,1.02932107694936,0,0,0
2266,-9.54929029560538,-1.64918011116892,1.02291375776576,0,0,0
2267,-9.59574578184155,-1.70462968256279,1.02977945931751,0,0,0
2268,-9.60217244635285,-1.76584083985962,1.09505969413686,0,0,0
2269,-9.58030231521031,-1.82638515162351,1.13605169216622,0,0,0
2270,-9.56591875578616,-1.88970255528062,1.0953594457124,0,0,0
2271,-9.53920063689012,-1.8790210192033,1.03877004026147,0,0,0
2272,-9.48989935171101,-1.7956943971528,1.00299132614158,0,0,0
2273,-9.47648845477152,-1.71598322969527,1.07695030696149,0,0,0
2274,-9.51359482017103,-1.65934570945029,1.23275616135901,0,0,0
2275,-9.58841008850655,-1.62658638617862,1.34127820713246,0,0,0
2276,-9.71904159183869,-1.61058911532561,1.3302465959513,0,0,0
2277,-9.79655729815693,-1.591772523469,1.21480374891563,0,0,0
2278,-9.8262403980943,-1.55048220688843,1.06580961412237,0,0,0
2279,-9.79344490312792,-1.51087956075993,1.0248993361874,0,0,0
2280,-9.69159426583957,-1.51226117952774,1.11085074689252,0,0,0
2281,-9.57599637140131,-1.57077648805956,1.34337334500495,0,0,0
2282,-9.54733027726327,-1.63599716398376,1.45212207967359,0,0,0
2283,-9.61478811074657,-1.65748724199079,1.38207862065096,0,0,0
2284,-9.61710542678836,-1.64831801234159,1.25107339561509,0,0,0
2285,-9.58318992255072,-1.62133392745525,1.07052846649416,0,0,0
2286,-9.50823257065696,-1.56248952656434,0.968396318306665,0,0,0
2287,-9.35562976366413,-1.50869614046154,1.06545208588404,0,0,0
2288,-9.25885394975988,-1.48999855806423,1.19871930919477,0,0,0
2289,-9.26952538801969,-1.427465934188,1.22547517458496,0,0,0
2290,-9.29550558651244,-1.29120277149188,1.19420633469436,0,0,0
2291,-9.29923902139045,-1.10064424445809,1.21404536026882,0,0,0
2292,-9.29752577052633,-0.891040691249959,1.20733257096911,0,0,0
2293,-9.29648706131056,-0.675175242598777,1.13708630490238,0,0,0
2294,-9.29520699541591,-0.461367005853985,1.06242089537288,0,0,0
2295,-9.33310829421306,-0.284238672195234,1.00295863890457,0,0,0
2296,-9.36458986541141,-0.109965375557561,0.914997676755789,0,0,0
2297,-9.41988443990798,0.00401921722498841,0.813565921912647,0,0,0
2298,-9.43322066338137,0.0959089581475051,0.736396959800566,0,0,0
2299,-9.44133490691678,0.195248663083434,0.639274365062059,0,0,0
2300,-9.50636982616506,0.295059023001436,0.426712877426587,0,0,0
2301,-9.53967883094084,0.392147336455344,0.354260671737396,0,0,0
2302,-9.53363809965132,0.45982564645202,0.401807689858919,0,0,0
2303,-9.57285919589826,0.500709785313531,0.4242793431559,0,0,0
2304,-9.58947282453606,0.513886970614123,0.421728132634668,0,0,0
2305,-9.5540186263196,0.450930677785865,0.440129864277512,0,0,0
2306,-9.49095359260038,0.340082419227444,0.494604728067328,0,0,0
2307,-9.45079313140999,0.190486526380359,0.489930870232419,0,0,0
2308,-9.43019701271641,0.0464813689555985,0.483391426071602,0,0,0
2309,-9.33817277473613,-0.0537585369591444,0.503860670085484,0,0,0
2310,-9.23333712743422,-0.127556192766962,0.648418007036526,0,0,0
2311,-9.24791197194045,-0.215202493609074,0.668751914868946,0,0,0
2312,-9.3160816494297,-0.292278250413594,0.565177968222908,0,0,0
2313,-9.28844112879287,-0.340117273798431,0.556079881323117,0,0,0
2314,-9.18207232513191,-0.343854856688957,0.684944154734868,0,0,0
2315,-9.14127902031996,-0.348959917915901,0.811498272635638,0,0,0
2316,-9.20504970278194,-0.359907913600022,0.797616180393553,0,0,0
2317,-9.28123483727773,-0.365043981642179,0.811416123212521,0,0,0
2318,-9.39400484473873,-0.365499963875662,0.854404378361752,0,0,0
2319,-9.56882540301254,-0.352276536835538,0.77271703586426,0,0,0
2320,-9.63891306146065,-0.314757417747322,0.745813231297256,0,0,0
2321,-9.57492261658729,-0.235042300478614,0.903785825316323,0,0,0
2322,-9.52240979749553,-0.121126802439587,1.1454885583475,0,0,0
2323,-9.71589584564532,0.0127258423761708,1.20890614394059,0,0,0
2324,-10.1174242851853,0.131194681675439,1.29242233865929,0,0,0
2325,-10.4848685179575,0.226438684310798,1.55210962546677,0,0,0
2326,-10.7262851322685,0.23718409697349,1.48901868822398,0,0,0
2327,-10.7326980533882,0.251437103566349,1.23172202896637,0,0,0
2328,-10.2910318558607,0.287252885915386,1.12985040692492,0,0,0
2329,-9.66684087978095,0.191944312759422,1.04154872151949,0,0,0
2330,-9.25515351161251,-0.0556907055399729,0.867340966200491,0,0,0
2331,-9.03573799382496,-0.271082627222937,0.806154613282921,0,0,0
2332,-8.88392931410223,-0.428269264191534,0.792862124534218,0,0,0
2333,-8.76002967939574,-0.530990089689673,0.720807406823451,0,0,0
2334,-8.74830767291506,-0.558149607580006,0.71405285100423,0,0,0
2335,-8.89167154782966,-0.495425643942469,0.824655046821146,0,0,0
2336,-9.14134512914209,-0.396976061707596,0.856336164167159,0,0,0
2337,-9.36833038899417,-0.45871090075084,0.906145385998437,0,0,0
2338,-9.51684992843064,-0.746201288110128,1.01279950600377,0,0,0
2339,-9.70066079891287,-1.18996781273422,0.991097077833554,0,0,0
2340,-9.90780344700775,-1.65914211425092,0.914655416441579,0,0,0
2341,-10.0242142619515,-2.02416697864392,0.874179214710383,0,0,0
2342,-10.0339764101848,-2.21215049928117,0.743677338633651,0,0,0
2343,-9.92085301226443,-2.22958536301766,0.608106427883838,0,0,0
2344,-9.78211632415678,-2.14610949370508,0.483800279094879,0,0,0
2345,-9.69852430227344,-2.03524496917463,0.30274769306961,0,0,0
2346,-9.65977068423218,-1.93489409967549,0.295742577449256,0,0,0
2347,-9.70579710490118,-1.89395063675683,0.376941663640142,0,0,0
2348,-9.83672809470964,-1.87136882878867,0.345481215378314,0,0,0
2349,-10.0243556024133,-1.8754645220545,0.214322778063261,0,0,0
2350,-10.1313478522517,-1.89992344086393,0.176411236807705,0,0,0
2351,-10.12677941019,-1.90682837702149,0.257724187554056,0,0,0
2352,-10.0928886248237,-1.88681444966214,0.287235117950726,0,0,0
2353,-10.0236849772754,-1.86805005958254,0.262131437725234,0,0,0
2354,-9.88908751604573,-1.83668332294321,0.239326038500043,0,0,0
2355,-9.73135446467047,-1.81658139189925,0.230262137051431,0,0,0
2356,-9.59814154561375,-1.80036570665385,0.196471181140042,0,0,0
2357,-9.50422040570181,-1.78893717787944,0.175779079919712,0,0,0
2358,-9.41219107409132,-1.77487041224532,0.162054638334627,0,0,0
2359,-9.34689642582335,-1.75781068452214,0.20274417428311,0,0,0
2360,-9.28337645520894,-1.78133006634517,0.207244146000538,0,0,0
2361,-9.21482060887416,-1.83638347260573,0.193705776459236,0,0,0
2362,-9.12367516343907,-1.89405775959619,0.184672326736417,0,0,0
2363,-9.05725035013514,-1.95579620606305,0.148556747985865,0,0,0
2364,-9.04035711820068,-1.97562549804726,0.198642330676896,0,0,0
2365,-9.09663028274335,-1.92193578626999,0.27483368449498,0,0,0
2366,-9.14915238397684,-1.84641375923239,0.336059656603872,0,0,0
2367,-9.15558297616034,-1.74544782583158,0.442012725232026,0,0,0
2368,-9.25955011642274,-1.58176525667925,0.487175409899552,0,0,0
2369,-9.49175519634139,-1.34239941360258,0.389666345933646,0,0,0
2370,-9.69694590590185,-1.05553109472593,0.120726125916353,0,0,0
2371,-9.84042008164196,-0.798623340817531,-0.046393168480394,0,0,0
2372,-9.94418454155857,-0.769680729166337,0.224964211002919,0,0,0
2373,-10.1356036097698,-0.976577360034216,0.593169582422057,0,0,0
2374,-10.3369460495818,-1.17734573305362,0.6367194513079,0,0,0
2375,-10.5235005215441,-1.28327480399757,0.765213691451868,0,0,0
2376,-10.7815367358923,-1.30066607619532,0.808797807021699,0,0,0
2377,-11.0664842700548,-1.23276561294644,0.689307103330621,0,0,0
2378,-11.0842565616971,-1.03788656518439,0.736059828862036,0,0,0
2379,-10.8262926695093,-0.796850639253809,0.887148277433257,0,0,0
2380,-10.4529242872904,-0.625746425668815,0.906852553172902,0,0,0
2381,-10.0378163996681,-0.4450839907118,0.82320127281522,0,0,0
2382,-9.68250790676355,-0.280496759158971,0.725382285388217,0,0,0
2383,-9.38451722363395,-0.150294498380418,0.734175887570269,0,0,0
2384,-9.18994348289056,-0.0797481341841319,0.810570400810632,0,0,0
2385,-9.03003181091736,-0.0574903026231003,0.862483740709033,0,0,0
2386,-8.8825532972957,-0.102465840841405,0.912218337666196,0,0,0
2387,-8.79970760543095,-0.207289185490143,0.975515005661339,0,0,0
2388,-8.77317162112868,-0.340789728035455,1.02965342781428,0,0,0
2389,-8.75994715021625,-0.46244653646508,1.07946299448369,0,0,0
2390,-8.74873581259525,-0.572413559086762,1.09331605592941,0,0,0
2391,-8.75053346929745,-0.57422213534828,1.06414963410263,0,0,0
2392,-8.7627637943384,-0.501866562364791,1.03481523538439,0,0,0
2393,-8.80572852820224,-0.352710235106993,0.951117868443495,0,0,0
2394,-8.88440193139258,-0.236829878099568,0.817695066936684,0,0,0
2395,-8.93490135327202,-0.177434427690485,0.700219768427921,0,0,0
2396,-8.9569406899938,-0.0759252625365349,0.52837855490913,0,0,0
2397,-9.09701359947248,0.0724486706239597,0.372375586453326,0,0,0
2398,-9.34525194735954,0.240941963268194,0.227909156089907,0,0,0
2399,-9.57805505823092,0.415665343054344,0.148827783505059,0,0,0
2400,-9.74971396102249,0.557615323819631,0.173538160507032,0,0,0
2401,-9.87050401780906,0.688556497544651,0.119660499170315,0,0,0
2402,-9.90683403541454,0.832908513255266,0.0403841451139072,0,0,0
2403,-9.8220999837652,0.965384661106616,0.0758393202186123,0,0,0
2404,-9.7235898843852,1.03154405846949,0.139137074000638,0,0,0
2405,-9.67408437420734,1.04887478546611,0.179836765127354,0,0,0
2406,-9.60643687939274,1.02261941681542,0.208987689360416,0,0,0
2407,-9.48285306167967,0.919531466500163,0.315265047039489,0,0,0
2408,-9.42225837955394,0.797106344189006,0.360526689361286,0,0,0
2409,-9.41845168804204,0.691245535502245,0.313110301831414,0,0,0
2410,-9.39787195139295,0.592833572218809,0.446940060306743,0,0,0
2411,-9.43375110952575,0.522756860069904,0.629596929235453,0,0,0
2412,-9.57504823624345,0.4732939550007,0.688466519895257,0,0,0
2413,-9.62406853799754,0.424441248347515,0.690713464121172,0,0,0
2414,-9.53105068237512,0.293090189396494,0.905740630315744,0,0,0
2415,-9.47791387888807,0.0511604251977893,1.22206668139438,0,0,0
2416,-9.62456250773627,-0.241327686138024,1.41210010430089,0,0,0
2417,-9.80469938571615,-0.521443769542879,1.41035551912351,0,0,0
2418,-9.83656597016132,-0.626320489971233,1.34508568632924,0,0,0
2419,-9.74325241703003,-0.439565742763585,1.33098606638574,0,0,0
2420,-9.68599238183573,-0.119697776383933,1.40711164843598,0,0,0
2421,-9.79189376553512,0.199687420465025,1.4727227715339,0,0,0
2422,-9.9091258641899,0.459859394162002,1.528892200415,0,0,0
2423,-9.8438667657365,0.600390492650563,1.37050323829521,0,0,0
2424,-9.56851860909731,0.616676616628889,1.22820411723515,0,0,0
2425,-9.20031213289494,0.556450935526802,1.1194202145613,0,0,0
2426,-8.92711766836484,0.399191683021326,1.06971747383425,0,0,0
2427,-8.78752071329592,0.174999947606293,1.02272146845717,0,0,0
2428,-8.87226058016306,-0.0602586874448533,1.04758492327168,0,0,0
2429,-9.2091577218262,-0.286434252376985,1.16775452799411,0,0,0
2430,-9.67999943880051,-0.454144223188451,1.20890077305527,0,0,0
2431,-10.0196135103895,-0.637322651895532,1.2794334582559,0,0,0
2432,-10.1420364258409,-0.853118798293331,1.38834768706942,0,0,0
2433,-10.1051562268065,-1.09279575935256,1.42885038808098,0,0,0
2434,-9.91861767659795,-1.27938879523947,1.39768769303417,0,0,0
2435,-9.67033515976297,-1.43179165133184,1.38865072250655,0,0,0
2436,-9.48838800652254,-1.52230985891945,1.27795631457737,0,0,0
2437,-9.41761222229868,-1.56822544441547,1.09275553420616,0,0,0
2438,-9.38056575925401,-1.63404589138043,0.943639437366158,0,0,0
2439,-9.32487336968585,-1.68823238235653,0.831020112792704,0,0,0
2440,-9.25861211253499,-1.72499528250362,0.736251768199459,0,0,0
2441,-9.26344803864243,-1.77087399261657,0.810355501705716,0,0,0
2442,-9.46349882629226,-1.82171686863459,0.781085073088618,0,0,0
2443,-9.694182650916,-1.88941996290225,0.682125965606289,0,0,0
2444,-9.93635350139505,-1.9754474479038,0.734325848451513,0,0,0
2445,-10.1389843262784,-2.00831439625567,0.752467967083373,0,0,0
2446,-10.2559375171262,-1.99923246022595,0.68948863011234,0,0,0
2447,-10.2000258432707,-1.97092232616962,0.691679840270827,0,0,0
2448,-10.0326092216586,-1.94561922853998,0.781306979733733,0,0,0
2449,-9.85800502658395,-1.95216483820841,0.720601226919566,0,0,0
2450,-9.66887732930767,-1.91902701606348,0.655037839568984,0,0,0
2451,-9.46923422515685,-1.85254058305961,0.605145638885549,0,0,0
2452,-9.31297826667436,-1.79039108182558,0.552739059411672,0,0,0
2453,-9.15297209778671,-1.74751047428633,0.573203365080254,0,0,0
2454,-8.99972138904235,-1.71819993175368,0.602624388689798,0,0,0
2455,-8.88758658789551,-1.69324026263424,0.606943963954912,0,0,0
2456,-8.86327412350544,-1.67584394818742,0.613588588082867,0,0,0
2457,-8.90521534686293,-1.64215385416234,0.590609293219528,0,0,0
2458,-8.90984864910898,-1.58285341904719,0.552539038126629,0,0,0
2459,-8.89714425331196,-1.4994585045625,0.672434917272408,0,0,0
2460,-8.99394922962181,-1.40173942126475,0.814492354570623,0,0,0
2461,-9.24115689215256,-1.3282285908886,0.832550801033014,0,0,0
2462,-9.51488762729822,-1.22411494180208,0.835265122569058,0,0,0
2463,-9.76240080496693,-1.02280317054661,0.645110555059695,0,0,0
2464,-9.88661630657536,-0.851777009398889,0.441836032526068,0,0,0
2465,-9.97593418580624,-0.806087222323376,0.769146769251533,0,0,0
2466,-10.1343306560418,-0.895556481479372,1.01346536250949,0,0,0
2467,-10.2961015515255,-1.10470591824205,0.934457733339977,0,0,0
2468,-10.3769248137541,-1.29034215068887,0.936775769653637,0,0,0
2469,-10.41459308664,-1.45816871569027,0.966437269239122,0,0,0
2470,-10.4006006604029,-1.62473894151343,0.962088340305133,0,0,0
2471,-10.2501999120935,-1.72392319378843,1.02985134072563,0,0,0
2472,-10.0262615133389,-1.73159426660177,1.10227280921334,0,0,0
2473,-9.87132909294385,-1.55879391664886,0.943789563160474,0,0,0
2474,-9.75247240655587,-1.23690028083873,0.825921639442399,0,0,0
2475,-9.58700892441173,-0.875469011989512,0.863822119577833,0,0,0
2476,-9.46000581723939,-0.58446882908557,0.96780207432891,0,0,0
2477,-9.44142162175175,-0.367117205388099,0.987693076571542,0,0,0
2478,-9.43934415479659,-0.253009051502434,0.924041961701359,0,0,0
2479,-9.47225372392106,-0.281242455406518,0.856529039483582,0,0,0
2480,-9.49078125993576,-0.418543504980624,0.946838329506587,0,0,0
2481,-9.47213854381108,-0.585105295793514,1.03970092378813,0,0,0
2482,-9.41403956938122,-0.705433490938619,1.08712458859719,0,0,0
2483,-9.31693295612878,-0.780147680315927,1.16224771740437,0,0,0
2484,-9.27310210175283,-0.793504428802345,1.24061189923275,0,0,0
2485,-9.25616308022402,-0.676143962757188,1.25215153871165,0,0,0
2486,-9.25101706206872,-0.485833511468726,1.1815463395545,0,0,0
2487,-9.23421606110794,-0.256566017038,1.12492232814839,0,0,0
2488,-9.19868353743015,-0.0315070952051447,1.05502690464826,0,0,0
2489,-9.1815364298888,0.141041558579918,0.943969802441679,0,0,0
2490,-9.14044089975983,0.252888564886694,0.833153389588964,0,0,0
2491,-9.11412175542545,0.329434720294498,0.686439930746065,0,0,0
2492,-9.1186125983394,0.423327528497626,0.516564657733691,0,0,0
2493,-9.19630949105635,0.514992541864681,0.43088593819898,0,0,0
2494,-9.35657362939724,0.640927083025839,0.360649460775647,0,0,0
2495,-9.52421751288328,0.713739136926633,0.358617993591612,0,0,0
2496,-9.64436682513545,0.72882742410159,0.326868584974479,0,0,0
2497,-9.63478313870771,0.694971181358216,0.308829710883153,0,0,0
2498,-9.54121241217865,0.637399345049215,0.349579769575912,0,0,0
2499,-9.48198058092212,0.586755038421579,0.376600614329608,0,0,0
2500,-9.49851802977387,0.609150074624625,0.342515905118798,0,0,0
2501,-9.5251402365116,0.610041388983499,0.279485858955509,0,0,0
2502,-9.47571088546636,0.622766916564717,0.238785106781274,0,0,0
2503,-9.3941560117431,0.624054437374515,0.259250049543032,0,0,0
2504,-9.36947296764384,0.614344894681796,0.372075830696983,0,0,0
2505,-9.45931757294275,0.575020820883665,0.494043846666775,0,0,0
2506,-9.5864731407709,0.500799297500447,0.548509704463737,0,0,0
2507,-9.66239028920737,0.438814998379676,0.627579884648156,0,0,0
2508,-9.7580918859657,0.354781463080445,0.788091783593438,0,0,0
2509,-9.89225282705351,0.280419423922288,0.89893034593585,0,0,0
2510,-9.9746424567888,0.216578605340173,0.892277464195046,0,0,0
2511,-9.89045740060903,0.154222864898106,0.982534827673077,0,0,0
2512,-9.69012604238483,0.0339568815844509,1.08416565371442,0,0,0
2513,-9.50153798915222,-0.155150480569911,1.11163240680577,0,0,0
2514,-9.37753824874348,-0.33317392033343,1.1950192312324,0,0,0
2515,-9.44068176083145,-0.453341694170154,1.37154949813781,0,0,0
2516,-9.71562104592854,-0.489725728069967,1.39190697406115,0,0,0
2517,-9.97005778860932,-0.485134934537442,1.3312811823354,0,0,0
2518,-10.0385065502417,-0.434523339272517,1.29287705769385,0,0,0
2519,-10.0535516598879,-0.353524936630671,1.27689498329951,0,0,0
2520,-10.0423546503494,-0.175627150714036,1.35377646690951,0,0,0
2521,-9.97066203840375,0.0968741140390572,1.54070837387448,0,0,0
2522,-9.82626552271305,0.339041433984005,1.65309197294385,0,0,0
2523,-9.61903573158974,0.479350368587577,1.6414163153682,0,0,0
2524,-9.40704338344701,0.505572915206822,1.58045673520708,0,0,0
2525,-9.20823918434681,0.447861917018318,1.521376543398,0,0,0
2526,-9.01822224278721,0.310471004452905,1.52168318070173,0,0,0
2527,-8.84452301234038,0.118043658212417,1.51913205761687,0,0,0
2528,-8.8130665096698,-0.113409682367975,1.50157580783305,0,0,0
2529,-8.89066507370047,-0.330116231875468,1.42732540422646,0,0,0
2530,-9.06451383718651,-0.587893007063545,1.28542553292894,0,0,0
2531,-9.19212919932013,-0.891030469803545,1.16632072628706,0,0,0
2532,-9.29238843231482,-1.2035239080096,1.1399052609987,0,0,0
2533,-9.40537441981045,-1.48976736919934,1.11299089370945,0,0,0
2534,-9.54270537239993,-1.73634473024974,0.964567627387376,0,0,0
2535,-9.6251679696642,-1.96465074566257,0.781633585349363,0,0,0
2536,-9.62706742398527,-2.13329151993047,0.680082677692749,0,0,0
2537,-9.69863279785566,-2.26635624612218,0.583442747012397,0,0,0
2538,-9.85710787321457,-2.41275984699665,0.486199938142461,0,0,0
2539,-9.967212365895,-2.57045000686068,0.37351258080915,0,0,0
2540,-9.94323785032411,-2.69499613853743,0.35527095339631,0,0,0
2541,-9.89046112799854,-2.7293110635394,0.443550083551789,0,0,0
2542,-9.82863799731004,-2.63802885623361,0.495455388807733,0,0,0
2543,-9.65600758044055,-2.43623010773478,0.449954036887565,0,0,0
2544,-9.39417120177941,-2.15245558955473,0.506134717915775,0,0,0
2545,-9.25344159677738,-1.80433899866048,0.763146946514808,0,0,0
2546,-9.37401883117351,-1.42876262209464,0.864750862066679,0,0,0
2547,-9.57002988876118,-1.04594002992076,0.780713962895069,0,0,0
2548,-9.67758442776267,-0.69607628250648,0.732790185193186,0,0,0
2549,-9.6967593456634,-0.500373296232889,0.725722376666696,0,0,0
2550,-9.7488060575593,-0.483787381357321,0.902004115659205,0,0,0
2551,-9.89490557706372,-0.636264537762891,0.843637107221383,0,0,0
2552,-10.0170505417191,-0.911042160428487,0.742183099839723,0,0,0
2553,-10.0818977333522,-1.22709614553232,0.882594609636505,0,0,0
2554,-10.1313078800839,-1.49349758490467,0.94860214472601,0,0,0
2555,-10.1235111920241,-1.57487821203949,1.08184332022192,0,0,0
2556,-10.0952356996591,-1.50796309203641,1.31448172592901,0,0,0
2557,-10.2033511718804,-1.38039878074446,1.3934675821482,0,0,0
2558,-10.3230534308536,-1.23915617690023,1.29618245703141,0,0,0
2559,-10.2784713923183,-1.08720939375042,1.12188909720749,0,0,0
2560,-10.0396221204555,-0.885746786605962,1.08350348858062,0,0,0
2561,-9.75455660836966,-0.708991672487868,1.19576635741989,0,0,0
2562,-9.51515104881631,-0.586969944651352,1.33786288350542,0,0,0
2563,-9.30898445815863,-0.507140528541525,1.3240892584043,0,0,0
2564,-9.1122757263792,-0.42066578928228,1.19041891027883,0,0,0
2565,-9.01710961235516,-0.316590289461738,1.03656560521912,0,0,0
2566,-8.9445484537636,-0.239646457420778,1.01582015250855,0,0,0
2567,-8.87917465383351,-0.215665230572357,1.07466617194562,0,0,0
2568,-8.85734031059663,-0.285332273282073,1.08169351219149,0,0,0
2569,-8.90494158641788,-0.394474622293828,1.04354168928818,0,0,0
2570,-8.96880041379123,-0.503840826634441,1.10684485617045,0,0,0
2571,-8.98394867309235,-0.571502500408329,1.1925612341044,0,0,0
2572,-9.01274831250595,-0.577381371316021,1.17696829444342,0,0,0
2573,-9.09235213262368,-0.505895758684401,1.06194962402021,0,0,0
2574,-9.21202884473469,-0.350910600346917,0.899246925530085,0,0,0
2575,-9.35257244841883,-0.177910841341692,0.847112727986118,0,0,0
2576,-9.450037328866,-0.0214056973782595,0.846914591559037,0,0,0
2577,-9.48342110584175,0.0801778829365688,0.776716477256657,0,0,0
2578,-9.45721701768883,0.174858395867558,0.668475389518621,0,0,0
2579,-9.42747512260696,0.27767087544241,0.589199654513919,0,0,0
2580,-9.47797008493087,0.38499326667356,0.524006047725629,0,0,0
2581,-9.62694058047718,0.510772720659082,0.428918269758591,0,0,0
2582,-9.79385963254133,0.655192357641033,0.356601157078656,0,0,0
2583,-9.86597981696455,0.793556743277793,0.297778862693703,0,0,0
2584,-9.79710036304706,0.866753593516308,0.35421587083086,0,0,0
2585,-9.66672364604581,0.875571494772765,0.448883043430311,0,0,0
2586,-9.58080739368023,0.837847565236323,0.414794467631515,0,0,0
2587,-9.52464406723259,0.740743456717195,0.338262376211169,0,0,0
2588,-9.43988773617287,0.621882145026929,0.338042813012052,0,0,0
2589,-9.38864520415023,0.522149604180273,0.326822152611003,0,0,0
2590,-9.36922329274701,0.452406122934596,0.265998732519755,0,0,0
2591,-9.31202547195243,0.388310827757377,0.290776638439137,0,0,0
2592,-9.28044686333505,0.346662806075248,0.374077527596336,0,0,0
2593,-9.2862024085997,0.317999230655883,0.482813290136752,0,0,0
2594,-9.29429063185272,0.282459482730446,0.568875227073938,0,0,0
2595,-9.3345480175869,0.258289252318212,0.661529171177693,0,0,0
2596,-9.40701736810792,0.247728270958304,0.769807580291255,0,0,0
2597,-9.57735188792519,0.205854404935359,0.842432216076561,0,0,0
2598,-9.79330887091735,0.129957936418371,0.991434358822487,0,0,0
2599,-10.0181759348882,-0.000586331665425492,1.08696701805155,0,0,0
2600,-10.1703852762046,-0.0974601838156969,1.14344396131004,0,0,0
2601,-10.2625877584073,-0.109494457037119,1.36947108353966,0,0,0
2602,-10.3961662748059,-0.121560273763466,1.53867906827042,0,0,0
2603,-10.5153106950486,-0.151129439155925,1.39640381246437,0,0,0
2604,-10.5166559657091,-0.131859168864667,1.10776557685128,0,0,0
2605,-10.2354387625337,-0.0435725020534037,1.16884922956838,0,0,0
2606,-9.88659924237711,0.057402032214302,1.25376024800756,0,0,0
2607,-9.56619285229211,0.109373949047868,1.22460932715604,0,0,0
2608,-9.29637774948311,0.133858848633758,1.1835579757215,0,0,0
2609,-9.17308627900655,0.183680894523707,1.06371883854999,0,0,0
2610,-9.19874357926479,0.242722325637078,0.898797602563233,0,0,0
2611,-9.2289684046299,0.288034024088213,0.848984790945643,0,0,0
2612,-9.27336639520527,0.280283531334388,0.908033659535192,0,0,0
2613,-9.40540495467234,0.189784575244747,0.998368407069096,0,0,0
2614,-9.64707089014439,0.0699535974810827,1.12061945511309,0,0,0
2615,-9.8877844385053,-0.135757015765629,1.29697553073254,0,0,0
2616,-10.0330093675126,-0.374235661858544,1.41241777769211,0,0,0
2617,-10.027344677573,-0.647480801035006,1.44715741760218,0,0,0
2618,-9.90714853374428,-0.890918974310447,1.44911751954484,0,0,0
2619,-9.75463311432247,-1.09082279457016,1.42231753391942,0,0,0
2620,-9.60584397406754,-1.26234681048581,1.3679087732146,0,0,0
2621,-9.43433782353523,-1.37931058074964,1.2687336820813,0,0,0
2622,-9.27668099933052,-1.47810297755888,1.20342727295342,0,0,0
2623,-9.19256185072974,-1.56550852573553,1.08337681612193,0,0,0
2624,-9.18693401609699,-1.66488206451068,0.913797727540979,0,0,0
2625,-9.14259775231148,-1.71208606430313,0.751489571103902,0,0,0
2626,-9.01395390796016,-1.70497304551797,0.719872682508739,0,0,0
2627,-8.98763810481439,-1.64677059402548,0.719889421032658,0,0,0
2628,-9.15237523154533,-1.62359050975462,0.645537848359433,0,0,0
2629,-9.36226758082073,-1.65224485889753,0.692848990064324,0,0,0
2630,-9.59298069708739,-1.73138664292663,0.609615955109362,0,0,0
2631,-9.7865921377776,-1.84670142117204,0.494969954225743,0,0,0
2632,-9.87722534677055,-1.95760267424549,0.474821349609948,0,0,0
2633,-9.8870823033326,-2.0679076053714,0.427322520122257,0,0,0
2634,-9.72749716694363,-2.16020229933229,0.386757095871985,0,0,0
2635,-9.49302246366535,-2.18466889750083,0.433864051963152,0,0,0
2636,-9.32197833721456,-2.1399094683603,0.456481335833509,0,0,0
2637,-9.22689690023145,-2.02456842958817,0.460812301650851,0,0,0
2638,-9.12790289106333,-1.8596426481646,0.456150068656693,0,0,0
2639,-9.01671335687647,-1.67560224777912,0.45097674797881,0,0,0
2640,-9.00591467379139,-1.46388899384348,0.600195278636912,0,0,0
2641,-9.14912403267982,-1.25934370951343,0.701707927997839,0,0,0
2642,-9.36579530618319,-1.12341334591957,0.744523634557663,0,0,0
2643,-9.50745063688174,-1.05208910443727,0.848147438638506,0,0,0
2644,-9.64957582813885,-1.02702023403676,0.943267443526763,0,0,0
2645,-9.88377475108362,-1.03426368654577,0.950302689575051,0,0,0
2646,-10.1234330671555,-1.01484018656357,0.803442149047437,0,0,0
2647,-10.2217337323964,-0.948162350323246,0.559317953500018,0,0,0
2648,-10.2023137219484,-0.970031020299715,0.568844714124767,0,0,0
2649,-10.151128931111,-1.08817883130415,0.78566259049416,0,0,0
2650,-10.0636700806862,-1.2181541159444,1.00021078123627,0,0,0
2651,-10.0961185751549,-1.30536858115619,1.0680823813748,0,0,0
2652,-10.2836895173403,-1.2752014245751,0.94169512228249,0,0,0
2653,-10.3597598232685,-1.13167605547242,0.844762756078277,0,0,0
2654,-10.2564682627894,-1.02183251553783,0.96163804686007,0,0,0
2655,-10.0889251152544,-0.909808346269656,1.21230022905042,0,0,0
2656,-9.88398567624143,-0.760419722922423,1.33848444762673,0,0,0
2657,-9.71376110307818,-0.560989717763968,1.26804734858607,0,0,0
2658,-9.60862696203145,-0.380747060625754,1.21122528521088,0,0,0
2659,-9.54111478768101,-0.24717710477515,1.226752219956,0,0,0
2660,-9.44939129509654,-0.176333120286075,1.20648019374384,0,0,0
2661,-9.28295042908635,-0.147506435592762,1.14309884611443,0,0,0
2662,-9.03500855930793,-0.179108554739415,1.15397286607667,0,0,0
2663,-8.85741558372427,-0.258036451044732,1.14057918641061,0,0,0
2664,-8.77750791104893,-0.342879950531209,1.12687325510046,0,0,0
2665,-8.75399931921758,-0.40170958193769,1.12692032106512,0,0,0
2666,-8.7865705082313,-0.402254092869548,1.09815661096551,0,0,0
2667,-8.82910324388637,-0.344021987328128,1.05698891650005,0,0,0
2668,-8.92494385736238,-0.224811853973459,1.06634369537434,0,0,0
2669,-9.04414669932139,-0.0808739484059143,1.07775426587934,0,0,0
2670,-9.13615772818598,-0.0194341774738298,1.06607337634104,0,0,0
2671,-9.18395738769693,0.010640651295653,0.998316047201922,0,0,0
2672,-9.19997977350083,0.0336004837732769,0.792772466758773,0,0,0
2673,-9.17354710957527,0.0691975317649935,0.555470793532298,0,0,0
2674,-9.15016725136435,0.152005306346813,0.361033280520776,0,0,0
2675,-9.2556299430782,0.314250063718459,0.223544473025602,0,0,0
2676,-9.4919565048753,0.542619881886309,0.121629187707367,0,0,0
2677,-9.75476641146057,0.771968291625828,0.0538993594313146,0,0,0
2678,-9.83911536976486,0.959750115289094,0.218630692286649,0,0,0
2679,-9.79267615757817,1.04260158656828,0.182567974252226,0,0,0
2680,-9.65916450802226,0.976912823761676,0.161931761170288,0,0,0
2681,-9.49198387005335,0.844052675862932,0.482968426335271,0,0,0
2682,-9.42628935619109,0.648781958720363,1.11769303422149,0,0,0
2683,-9.64534751107767,0.405006940493225,1.72593844664384,0,0,0
2684,-10.2128529801163,0.223235114296337,1.66778709752662,0,0,0
2685,-10.5615607147943,0.156823758594634,1.45333557021885,0,0,0
2686,-10.5010720377245,0.0457650079439196,1.37888114309525,0,0,0
2687,-10.2540857590554,-0.190160632121498,1.35393277431056,0,0,0
2688,-9.84761229043473,-0.507131921548359,1.47144573951041,0,0,0
2689,-9.54460818006864,-0.829013804757107,1.62752381811973,0,0,0
2690,-9.38191571278086,-1.01415623637416,1.65452490778464,0,0,0
2691,-9.27561729094373,-1.00185760367153,1.49653238610067,0,0,0
2692,-9.23035692301098,-0.826446276172728,1.27074614587977,0,0,0
2693,-9.16727459832689,-0.578366608989077,1.134638624731,0,0,0
2694,-9.11423166592764,-0.237588289451102,1.18392856594584,0,0,0
2695,-9.07761602268989,0.109748808861439,1.11548936836665,0,0,0
2696,-9.00525660267502,0.364723148297336,1.0405406756926,0,0,0
2697,-8.88044310493367,0.502787749244453,1.09038282996409,0,0,0
2698,-8.83644531378383,0.475704208532717,1.24886507792469,0,0,0
2699,-9.00233988352909,0.260021911252874,1.37333021729727,0,0,0
2700,-9.22463044902029,-0.137450355322575,1.36213051995735,0,0,0
2701,-9.397675215569,-0.579489012468441,1.13685985013895,0,0,0
2702,-9.5929449779782,-0.975182341066737,0.830726936729095,0,0,0
2703,-9.75125330130102,-1.37289166027049,0.788247286775164,0,0,0
2704,-9.91129504328178,-1.72881390284384,0.781380092398273,0,0,0
2705,-10.0762524660322,-2.10111395396874,0.558384293918822,0,0,0
2706,-10.1164716488303,-2.48171662304109,0.394327319677071,0,0,0
2707,-10.0220132002791,-2.78051699727578,0.383000386058782,0,0,0
2708,-9.81152210562195,-2.94324586348039,0.428398298733261,0,0,0
2709,-9.56570989015738,-2.9610209419487,0.525275584653529,0,0,0
2710,-9.45484520957072,-2.73624463621987,0.624146494053247,0,0,0
2711,-9.57235280360554,-2.29586284707436,0.687091575212927,0,0,0
2712,-9.79764247680511,-1.71843507915761,0.714017647441076,0,0,0
2713,-10.0171387915527,-1.11916472270451,0.740627674066266,0,0,0
2714,-10.1418077580776,-0.720124684725668,0.866380246663647,0,0,0
2715,-10.1534797424996,-0.702116785087866,1.02221021222237,0,0,0
2716,-10.1785875321254,-0.953443857423547,1.16488060678213,0,0,0
2717,-10.2610087776578,-1.13395075044653,1.29405771370101,0,0,0
2718,-10.2714008591709,-1.08942756297623,1.33664279952928,0,0,0
2719,-10.2147924992227,-0.815951096395823,1.37480504876936,0,0,0
2720,-10.167777373276,-0.403421784273198,1.32897131273027,0,0,0
2721,-9.99165436849481,0.0143831843400732,1.22009317949409,0,0,0
2722,-9.69725523703465,0.378658990154636,1.20163221471327,0,0,0
2723,-9.43234730516948,0.624381761882533,1.26923842290757,0,0,0
2724,-9.33166516976666,0.786461803704924,1.26203150008738,0,0,0
2725,-9.37074817809244,0.820644241313415,1.24159819330265,0,0,0
2726,-9.44941882536934,0.703340642997311,1.26916562191228,0,0,0
2727,-9.48453768191972,0.517493078775819,1.29658551708877,0,0,0
2728,-9.45652372634505,0.268945847068997,1.32806878109698,0,0,0
2729,-9.37554223637074,0.0411323975613117,1.35113045079984,0,0,0
2730,-9.31002208188844,-0.140288699706357,1.29227044283043,0,0,0
2731,-9.2978950011881,-0.301856560143152,1.19550786712462,0,0,0
2732,-9.28959325110172,-0.368998458909887,1.14607728152623,0,0,0
2733,-9.24246333219091,-0.365398252016164,1.08722365140615,0,0,0
2734,-9.12664994375813,-0.297874920950214,0.989764518092429,0,0,0
2735,-9.05339989007887,-0.206517058793545,0.809029447171717,0,0,0
2736,-9.02431503349577,-0.074624205947319,0.698007382584734,0,0,0
2737,-9.03371839961442,0.0804620663524934,0.86498228472127,0,0,0
2738,-9.17400858598516,0.224004244133604,0.846661759349848,0,0,0
2739,-9.33813894437126,0.378074179934326,0.659434303288535,0,0,0
2740,-9.46389513002329,0.510932657237954,0.625690586455346,0,0,0
2741,-9.56472462888303,0.60922619363646,0.639204246780445,0,0,0
2742,-9.63132891627144,0.659406316018752,0.6118995937988,0,0,0
2743,-9.63846186153612,0.668290342866006,0.63890129889177,0,0,0
2744,-9.58886853951692,0.676529918196008,0.769952630192603,0,0,0
2745,-9.56650471311618,0.685082870238282,0.839944145220465,0,0,0
2746,-9.57556958132872,0.689777119654662,0.792515313017492,0,0,0
2747,-9.55201153649341,0.640122838848759,0.801683020556571,0,0,0
2748,-9.49633877816277,0.544799223694858,0.801747590386703,0,0,0
2749,-9.43332580606082,0.401963373873596,0.792727463636639,0,0,0
2750,-9.36520837333502,0.234491861057416,0.801894911126064,0,0,0
2751,-9.33829907108962,0.0922224734884811,0.815483851375502,0,0,0
2752,-9.36152443921574,-0.00635377629035921,0.856258562872028,0,0,0
2753,-9.44866546304048,-0.0475714746914545,0.967126261659297,0,0,0
2754,-9.59567460587798,-0.0410714177692344,1.15458210515126,0,0,0
2755,-9.81278892120507,-0.0038615998434988,1.19985817962738,0,0,0
2756,-9.96836319406568,0.023882165730008,1.10978122839767,0,0,0
2757,-9.96704395292429,0.0321174428270159,1.07776794037765,0,0,0
2758,-9.94937081930933,0.0931189268816193,1.06216903639766,0,0,0
2759,-9.94906759334856,0.212241021591265,1.07785182627553,0,0,0
2760,-9.89033064373515,0.33020275044556,1.10695246588239,0,0,0
2761,-9.78584137301204,0.420633746637152,1.1384065251421,0,0,0
2762,-9.66271955583449,0.451989842050365,1.10873803185481,0,0,0
2763,-9.67518065966505,0.4395541948193,1.04138633660778,0,0,0
2764,-9.67287059052225,0.418970033221631,1.15423899934328,0,0,0
2765,-9.62301469882983,0.3977667800719,1.30329370750949,0,0,0
2766,-9.65567725976981,0.328668875888056,1.24918352375301,0,0,0
2767,-9.67489128674956,0.261520403511351,1.26959495177713,0,0,0
2768,-9.72116322757682,0.165099636466334,1.38698255028736,0,0,0
2769,-9.82706064804334,0.0274722305147927,1.54765355638085,0,0,0
2770,-9.9555628583557,-0.141759723200564,1.63807122016033,0,0,0
2771,-10.0076793959424,-0.39254768182314,1.69041567628588,0,0,0
2772,-9.93646188880966,-0.659664874936762,1.63380708891021,0,0,0
2773,-9.73414564332291,-0.857920009203144,1.58899868782237,0,0,0
2774,-9.4588355657109,-1.00390320059162,1.47152548565416,0,0,0
2775,-9.22864652408917,-1.09665720126656,1.31375416839372,0,0,0
2776,-8.96629303398461,-1.15271508193255,1.21190829917853,0,0,0
2777,-8.76218332670566,-1.22115863651884,1.14182999355753,0,0,0
2778,-8.65889822300403,-1.30329445584874,1.04492250240482,0,0,0
2779,-8.63096168300189,-1.38959855007766,0.920486822498475,0,0,0
2780,-8.71487865482385,-1.50516206449142,0.780538446780756,0,0,0
2781,-8.74449035614801,-1.63286849410348,0.658635203251659,0,0,0
2782,-8.73816220965273,-1.75448047354566,0.597682807111761,0,0,0
2783,-8.87125414106591,-1.89620003960773,0.444242872424407,0,0,0
2784,-9.04579853315214,-2.0656872979859,0.415564346850032,0,0,0
2785,-9.25256684116706,-2.24665990223298,0.42267044574686,0,0,0
2786,-9.51656165532634,-2.40684590550973,0.275919851894339,0,0,0
2787,-9.68474328759637,-2.54941884000577,0.197520642298156,0,0,0
2788,-9.73081466139222,-2.62732631591836,0.177307235647678,0,0,0
2789,-9.69087930028927,-2.63307275035768,0.0662296069571828,0,0,0
2790,-9.49719953101968,-2.5039428902573,0.0499593633604472,0,0,0
2791,-9.38740140676464,-2.30320062393142,0.185380562580938,0,0,0
2792,-9.4293359562053,-2.05727573109855,0.49711886702158,0,0,0
2793,-9.69477744188925,-1.71189705926176,0.925958901285317,0,0,0
2794,-10.1673159414558,-1.37169349473044,0.937107357248104,0,0,0
2795,-10.4552423678608,-1.09657945390181,0.837917001958072,0,0,0
2796,-10.5129812445745,-0.893530554359122,0.683963982249482,0,0,0
2797,-10.5525815035605,-0.791371533456792,0.704401132473775,0,0,0
2798,-10.6014911296282,-0.986511230537107,1.04342634140587,0,0,0
2799,-10.5395237969627,-1.35675355327235,1.3960201763698,0,0,0
2800,-10.3725002317888,-1.65641297713596,1.41420137669395,0,0,0
2801,-10.1892137332889,-1.71122787496241,1.18583076236443,0,0,0
2802,-10.052324048771,-1.46746819540202,1.1498221230489,0,0,0
2803,-10.0113157840593,-1.12945774986537,1.17163680777989,0,0,0
2804,-9.88552505957726,-0.901363162954577,1.25309748591406,0,0,0
2805,-9.73133510589181,-0.756747979386081,1.35616049882899,0,0,0
2806,-9.73901303015198,-0.641121205195804,1.44008759193188,0,0,0
2807,-9.84802737833847,-0.491506780521148,1.40357672198428,0,0,0
2808,-9.8701758273,-0.360450168702941,1.28836050425978,0,0,0
2809,-9.74352669649844,-0.227316324665838,1.16852619514763,0,0,0
2810,-9.5087206909635,-0.0754910187767261,1.02159349460765,0,0,0
2811,-9.28349216958966,0.041654649690247,1.02103087104993,0,0,0
2812,-9.15359791450827,0.0682949368661738,1.09751551636597,0,0,0
2813,-9.14807996625326,-0.0152648016216655,1.01384178247594,0,0,0
2814,-9.20185275859138,-0.15564190895921,0.849247326443631,0,0,0
2815,-9.23208933188276,-0.247438858831243,0.786029017927421,0,0,0
2816,-9.24868962508322,-0.284596286296053,0.763878834553894,0,0,0
2817,-9.27883584926376,-0.268879047879,0.704870539816716,0,0,0
2818,-9.3273225561785,-0.20977544796165,0.650537704657128,0,0,0
2819,-9.35081935220988,-0.112108103491203,0.605566868859602,0,0,0
2820,-9.3388204242035,-0.0201895604831675,0.655149436100209,0,0,0
2821,-9.3626796273002,0.0702457897859116,0.71614655185819,0,0,0
2822,-9.42745033809577,0.147404948480857,0.661709139579755,0,0,0
2823,-9.50240269419193,0.209818382233707,0.557991048062431,0,0,0
2824,-9.55707888425555,0.244441231098586,0.546697676906545,0,0,0
2825,-9.54200040429669,0.273172972731001,0.596249108588944,0,0,0
2826,-9.51767530469264,0.288273176856492,0.639033298373364,0,0,0
2827,-9.50448922387801,0.310569226782901,0.609639342959218,0,0,0
2828,-9.48080876845255,0.357072702887043,0.543882602594534,0,0,0
2829,-9.4447194325459,0.358792683365115,0.487392388563724,0,0,0
2830,-9.38035668171589,0.324689936318628,0.408625480946538,0,0,0
2831,-9.31721206257481,0.287124799050237,0.397040964532421,0,0,0
2832,-9.28975051411032,0.29166610612866,0.29783388076984,0,0,0
2833,-9.32114129373945,0.322078487011801,0.207769746919474,0,0,0
2834,-9.33760766714885,0.330742030176297,0.404073461482856,0,0,0
2835,-9.39867815034862,0.336074387384211,0.553173939255976,0,0,0
2836,-9.42802045275158,0.313714406495691,0.525921556386898,0,0,0
2837,-9.4040395893762,0.303295856497419,0.479065648189544,0,0,0
2838,-9.36887741395116,0.336098954757426,0.438160147432958,0,0,0
2839,-9.31793615766938,0.366319294707676,0.46952095674176,0,0,0
2840,-9.24928325288366,0.427879863788245,0.534811739447475,0,0,0
2841,-9.22358828531362,0.485492806808678,0.55938468619693,0,0,0
2842,-9.25129487527228,0.533227929341299,0.670118736523466,0,0,0
2843,-9.38931309880753,0.54876043526428,0.679131957732054,0,0,0
2844,-9.54672421871058,0.551840302636279,0.561980294253173,0,0,0
2845,-9.59372106764371,0.555248518221377,0.557683620209493,0,0,0
2846,-9.66204159569366,0.55570053506866,0.629713648447527,0,0,0
2847,-9.71117651856999,0.561506977016421,0.700044772603116,0,0,0
2848,-9.71849859124634,0.558817993016778,0.677177908142755,0,0,0
2849,-9.67773993054864,0.562892628743225,0.632071349699147,0,0,0
2850,-9.61477245331413,0.559385229880971,0.668074025493976,0,0,0
2851,-9.60021205273276,0.532725240932351,0.697743081668831,0,0,0
2852,-9.63397835045001,0.531078047619399,0.650337392531143,0,0,0
2853,-9.63439898027386,0.555783883113857,0.67741414174438,0,0,0
2854,-9.62145122159826,0.552714111758829,0.701964173255138,0,0,0
2855,-9.58114655966805,0.558632829457315,0.676990444578929,0,0,0
2856,-9.58730591549696,0.570723478148759,0.704469699605131,0,0,0
2857,-9.73364274831115,0.529980686285404,0.729262158099237,0,0,0
2858,-9.87424759665452,0.462901538774134,0.797376692349379,0,0,0
2859,-9.92925342927751,0.380668129038506,0.754588151955225,0,0,0
2860,-9.87126782345263,0.299111902274804,0.639545951675789,0,0,0
2861,-9.74034922695948,0.278808221486759,0.632608474078775,0,0,0
2862,-9.70557152273962,0.29524572814696,0.643378946360219,0,0,0
2863,-9.76142624733177,0.28752470161289,0.668461312248788,0,0,0
2864,-9.80499167423815,0.328616018361295,0.745237974923695,0,0,0
2865,-9.75054832900981,0.41713363524622,0.862360943180304,0,0,0
2866,-9.70097685008655,0.457373908055852,0.86031493276265,0,0,0
2867,-9.76063910827851,0.434438628611276,0.820109494028258,0,0,0
2868,-9.88577928892661,0.300605674984245,0.842440199657893,0,0,0
2869,-9.95589158075488,0.0867049774827673,0.852133695770031,0,0,0
2870,-9.91919286337332,-0.116641627194916,0.895046526437203,0,0,0
2871,-9.80372599543866,-0.307710433470784,0.872395424677209,0,0,0
2872,-9.63668235308936,-0.406331679475471,0.870515395868709,0,0,0
2873,-9.5395148408962,-0.453360650296814,0.791162515177152,0,0,0
2874,-9.55584307473287,-0.442155277599622,0.716436039582282,0,0,0
2875,-9.62761039956351,-0.404089552122788,0.737251657652291,0,0,0
2876,-9.72829076742189,-0.364999037452189,0.741409076104098,0,0,0
2877,-9.79376679252533,-0.325224651715835,0.816231690334011,0,0,0
2878,-9.81482363367457,-0.318774168236732,0.876931743360598,0,0,0
2879,-9.88621219535945,-0.351077171047045,0.818386932722276,0,0,0
2880,-9.93773207596533,-0.397834802961011,0.8273129703905,0,0,0
2881,-9.94066134068808,-0.485348941046463,0.904295848185232,0,0,0
2882,-9.93649961980935,-0.579514842728687,0.963308435616985,0,0,0
2883,-9.88744615409245,-0.722526571698184,0.985725845187929,0,0,0
2884,-9.81947886947587,-0.858214305350019,1.06055015178347,0,0,0
2885,-9.75605244295478,-1.00527465925299,1.15110341680787,0,0,0
2886,-9.67503457112173,-1.1347560456652,1.17603179315812,0,0,0
2887,-9.59892656866964,-1.27360614377004,1.10582578426841,0,0,0
2888,-9.49586396021723,-1.39245086157307,1.01309032191207,0,0,0
2889,-9.39023533546052,-1.49280200862146,0.925138514282038,0,0,0
2890,-9.23954060385026,-1.59165500931235,0.850706751761788,0,0,0
2891,-9.09157020467859,-1.67492976825944,0.791974140973416,0,0,0
2892,-9.00737481226256,-1.71894297863048,0.72646637483885,0,0,0
2893,-8.98852981839567,-1.76871446214992,0.735541188812324,0,0,0
2894,-9.09793450202574,-1.82063630764437,0.677042649490845,0,0,0
2895,-9.21987432956085,-1.88261314797661,0.604337181381262,0,0,0
2896,-9.36404805667797,-1.95562471018877,0.632192046035864,0,0,0
2897,-9.46856691545608,-2.04841012503098,0.702376214962135,0,0,0
2898,-9.53483775368064,-2.14182735798273,0.609821983596653,0,0,0
2899,-9.6019543710596,-2.17214225808332,0.551175977319264,0,0,0
2900,-9.65646206169403,-2.13739636867728,0.591925942398375,0,0,0
2901,-9.7434528020108,-2.08469039077753,0.639164959527809,0,0,0
2902,-9.75070677734332,-2.00288082113657,0.605589453485924,0,0,0
2903,-9.68036959519745,-1.92812499127714,0.587105256701857,0,0,0
2904,-9.57831865558865,-1.82410822190582,0.562082196608184,0,0,0
2905,-9.48420452446428,-1.72584478707763,0.591758313786403,0,0,0
2906,-9.43845378448139,-1.65277952194304,0.595974365557603,0,0,0
2907,-9.44499464306095,-1.55184476247402,0.559541192957236,0,0,0
2908,-9.45005152006693,-1.49063278008812,0.498690801148881,0,0,0
2909,-9.43912998294124,-1.45692047170089,0.512295485689842,0,0,0
2910,-9.43985650590981,-1.43934320363197,0.55725572206015,0,0,0
2911,-9.43523851191258,-1.43477343103632,0.591222737175985,0,0,0
2912,-9.41211077281722,-1.48484368850799,0.640852888952424,0,0,0
2913,-9.39223592513969,-1.57247396607668,0.645642893894171,0,0,0
2914,-9.34367790449803,-1.6748818034895,0.729094186783018,0,0,0
2915,-9.28328844004236,-1.78610043513162,0.808222543985423,0,0,0
2916,-9.25573845362954,-1.84085502248247,0.796777320002721,0,0,0
2917,-9.2445386285795,-1.8228490002044,0.776519725034698,0,0,0
2918,-9.22036489508355,-1.78043555812952,0.686115521135531,0,0,0
2919,-9.15985308766808,-1.74296978474606,0.636443088643504,0,0,0
2920,-9.07797760376531,-1.76195657725325,0.67048007396285,0,0,0
2921,-9.02471167991036,-1.75904402994996,0.651987665300407,0,0,0
2922,-8.98618646059032,-1.74351342668696,0.600191031113272,0,0,0
2923,-9.03839599188154,-1.69733780053753,0.602627875293868,0,0,0
2924,-9.14804035202462,-1.63750551767605,0.634064256829304,0,0,0
2925,-9.2510976699523,-1.55514170346052,0.688154414240641,0,0,0
2926,-9.44597503091195,-1.36326049656249,0.803266740055753,0,0,0
2927,-9.71971296990509,-1.17226270966702,0.843899545155616,0,0,0
2928,-9.88593494922969,-1.06364019382238,0.599968435670441,0,0,0
2929,-9.95095165237887,-0.938688117782584,0.360469758818505,0,0,0
2930,-10.0267077129847,-0.87470608126736,0.190865442668225,0,0,0
2931,-10.0386270073635,-0.962022668935897,0.218166098637132,0,0,0
2932,-9.98770250895783,-1.14440761129998,0.247978228636536,0,0,0
2933,-9.94412504148203,-1.33180564403792,0.347526005896308,0,0,0
2934,-9.95192159128416,-1.41968412282902,0.66156592352636,0,0,0
2935,-10.1177840363347,-1.36572550010466,0.907706631600598,0,0,0
2936,-10.457084849557,-1.19669344006331,1.11986600257896,0,0,0
2937,-10.7094059015077,-0.934202990535705,1.42249874248875,0,0,0
2938,-10.8487452513099,-0.677835396960893,1.52630806058137,0,0,0
2939,-10.8360841708057,-0.4709742204949,1.46519333135274,0,0,0
2940,-10.548851176392,-0.269155330196603,1.40135599176982,0,0,0
2941,-10.0169499172368,-0.0725952550303367,1.3175126906278,0,0,0
2942,-9.4513928838137,0.0570344329971329,1.27153977838466,0,0,0
2943,-9.04106277259382,0.0890033367045565,1.21947723963131,0,0,0
2944,-8.78545481825129,0.00566154380729607,1.14457566385893,0,0,0
2945,-8.69092946209317,-0.105754613268184,1.06793593865171,0,0,0
2946,-8.68390866710374,-0.231280909096,0.982431335755766,0,0,0
2947,-8.68211926101217,-0.35287200135044,0.964395142863614,0,0,0
2948,-8.67607074038162,-0.461096538766877,0.996030444530998,0,0,0
2949,-8.67997973652751,-0.510682357509633,1.00050702797811,0,0,0
2950,-8.76520450283438,-0.499681938216203,0.953410072150327,0,0,0
2951,-8.91582340701102,-0.441836258840214,0.998235916872241,0,0,0
2952,-9.11588135299535,-0.307698604320415,1.0685297458476,0,0,0
2953,-9.33511475122278,-0.124044251421691,1.01888724622872,0,0,0
2954,-9.52774217240633,0.0747168842996161,0.973632140349391,0,0,0
2955,-9.68213311795427,0.256797368428718,0.8671957539563,0,0,0
2956,-9.78562495654979,0.395872888233481,0.801713933695283,0,0,0
2957,-9.8367881526781,0.518541295082762,0.749862575805318,0,0,0
2958,-9.89957878673819,0.588563882268148,0.663618874994756,0,0,0
2959,-9.92976608138812,0.656742308345022,0.61397400358172,0,0,0
2960,-9.92184323371728,0.712647818567122,0.584451302987722,0,0,0
2961,-9.91983365055779,0.755792037826517,0.514581077767352,0,0,0
2962,-9.85266015745587,0.786200158520767,0.485142570662067,0,0,0
2963,-9.72658786316241,0.797599762180615,0.516666566423673,0,0,0
2964,-9.58684252963918,0.786060090628963,0.58650522865503,0,0,0
2965,-9.4551582440794,0.777859905424325,0.674895988630962,0,0,0
2966,-9.33151471415746,0.761723865817738,0.717454863822698,0,0,0
2967,-9.25725802271515,0.746644127378733,0.708194702138947,0,0,0
2968,-9.21851954430255,0.709864620332902,0.694560392395604,0,0,0
2969,-9.16643201635397,0.681797048057366,0.739630956795399,0,0,0
2970,-9.13813678518522,0.655113203561645,0.767128439849396,0,0,0
2971,-9.13111342690924,0.614145164622646,0.766974978297877,0,0,0
2972,-9.15331396916613,0.630840132793503,0.755967786928578,0,0,0
2973,-9.14867971445352,0.646852470955304,0.79227714767763,0,0,0
2974,-9.14735534585373,0.639055412116219,0.843750785921806,0,0,0
2975,-9.14185343934536,0.626200989122018,0.898351052252245,0,0,0
2976,-9.18002612217965,0.606468297168865,0.830544300452327,0,0,0
2977,-9.29249358510262,0.604060339392913,0.774253665521321,0,0,0
2978,-9.39547058601504,0.617981166475477,0.843745950183808,0,0,0
2979,-9.50432638257781,0.639699764250409,0.929525137969369,0,0,0
2980,-9.57422534469079,0.661378829253675,1.0065323003417,0,0,0
2981,-9.65272711568534,0.64940184159948,0.972814653225865,0,0,0
2982,-9.7424449592584,0.607977198602581,0.954753818547001,0,0,0
2983,-9.77145972454066,0.585874452790827,1.04513976261294,0,0,0
2984,-9.7793649533133,0.548187351105246,1.21938305880461,0,0,0
2985,-9.82237353486284,0.51673671166037,1.30950084922067,0,0,0
2986,-9.94321835155514,0.460266993908425,1.30286567439758,0,0,0
2987,-10.1085174825502,0.389166852643072,1.30324285081572,0,0,0
2988,-10.1794958532097,0.318434710789542,1.26045255572811,0,0,0
2989,-10.0477858111843,0.285150935106021,1.31028048699706,0,0,0
2990,-9.84948385242738,0.277131330154259,1.40266283365103,0,0,0
2991,-9.75953024040704,0.266267554308103,1.42049191156438,0,0,0
2992,-9.8383118563476,0.247186779779473,1.36400459130915,0,0,0
2993,-9.96316908708256,0.189014337723364,1.269480910985,0,0,0
2994,-9.94620925227998,0.107708032959629,1.18589324597561,0,0,0
2995,-9.80697073591612,0.0454056415516335,1.10710465145972,0,0,0
2996,-9.62307247143978,0.0687855398129743,1.1269968651026,0,0,0
2997,-9.52328342343776,0.195632527922447,1.16989993902695,0,0,0
2998,-9.47824855197982,0.35250054213705,1.12236870414766,0,0,0
2999,-9.46601130084828,0.449285907713084,1.00264927032517,0,0,0
3000,-9.46020188783215,0.464325363734854,0.837369355959113,0,0,0
3001,-9.44125805457721,0.435213099364224,0.808218686945719,0,0,0
3002,-9.41427652139418,0.409518029719306,0.939033107657997,0,0,0
3003,-9.43446088610878,0.398496553398233,1.04295273533284,0,0,0
3004,-9.49949293043747,0.361080059171477,1.1061800565814,0,0,0
3005,-9.61053896158102,0.291461781044953,1.1766315481277,0,0,0
3006,-9.69361844371044,0.135429478827151,1.38473728466652,0,0,0
3007,-9.69953472602107,-0.0715831283370284,1.48198475131779,0,0,0
3008,-9.64577424352127,-0.324175977054889,1.4302710795928,0,0,0
3009,-9.51860553766977,-0.515022076144718,1.37844277565975,0,0,0
3010,-9.34457849619137,-0.666063719604825,1.40568650237242,0,0,0
3011,-9.15364354243045,-0.768183179557237,1.31974702370782,0,0,0
3012,-8.98808985412233,-0.831586215828291,1.15247437197983,0,0,0
3013,-8.8703123683012,-0.887815358827637,1.13645418774487,0,0,0
3014,-8.94459403346253,-0.993868947006796,1.06688858028972,0,0,0
3015,-9.06797471036978,-1.15106549701751,0.868480069904849,0,0,0
3016,-9.09201539274845,-1.35314623416284,0.665247593709243,0,0,0
3017,-9.09765788947457,-1.55754353352806,0.595453429795823,0,0,0
3018,-9.15938084230543,-1.74249693140116,0.530482334182033,0,0,0
3019,-9.29214874353663,-1.90677343012068,0.442565087565477,0,0,0
3020,-9.404008885754,-1.95652885840363,0.325246932365394,0,0,0
3021,-9.45294306435912,-1.98013944086644,0.196662976397699,0,0,0
3022,-9.55967935589484,-1.99268971718342,0.0923689880457623,0,0,0
3023,-9.75337854069415,-1.99383693344229,0.0835615917353144,0,0,0
3024,-9.92075312960304,-1.98925764497641,0.112835829270915,0,0,0
3025,-10.0055896458264,-2.01443497777359,0.0656826839319874,0,0,0
3026,-10.0162769155331,-2.05022069281466,0.0589522069911896,0,0,0
3027,-9.98338019020255,-2.00598270751137,0.0610448681303379,0,0,0
3028,-9.85088691330789,-1.93800400975535,0.151517793382011,0,0,0
3029,-9.73444668439999,-1.77405086782511,0.447041877084218,0,0,0
3030,-9.87396113783225,-1.49734486138503,0.623201174574193,0,0,0
3031,-10.0369227333019,-1.20727985378769,0.584411934905189,0,0,0
3032,-10.1419361911241,-0.896082480057452,0.741961456296449,0,0,0
3033,-10.2922268039553,-0.760370326053069,0.852971755279251,0,0,0
3034,-10.5110660198644,-0.907677584861378,0.920935343190465,0,0,0
3035,-10.5689470006415,-1.23967461672846,1.14944356105665,0,0,0
3036,-10.4468752068899,-1.54079344360715,1.29197341036893,0,0,0
3037,-10.2369260751732,-1.67885278051868,1.24012953329534,0,0,0
3038,-10.0232906677569,-1.64184679127634,1.21736229852328,0,0,0
3039,-9.85500375875387,-1.33924443019835,1.22351196069598,0,0,0
3040,-9.71364969114428,-0.878416263855335,1.17097956738974,0,0,0
3041,-9.56229477586412,-0.428252282433125,1.13916259748947,0,0,0
3042,-9.49141560663052,-0.06055048252118,1.14333657046306,0,0,0
3043,-9.56009090487001,0.238907595006488,1.20375686029007,0,0,0
3044,-9.7695188157577,0.482581326330397,1.27581495221313,0,0,0
3045,-9.97682441917279,0.623255858420301,1.2984843594342,0,0,0
3046,-10.0353297570836,0.642629063711784,1.25578132158083,0,0,0
3047,-9.9753269514839,0.505943412543957,1.30293407735014,0,0,0
3048,-9.85657795287491,0.279295718611567,1.22630510765137,0,0,0
3049,-9.67357486671389,0.0115775978173242,1.09792179085936,0,0,0
3050,-9.49773878993957,-0.261019622510811,1.07550967261231,0,0,0
3051,-9.35001956499316,-0.456547530947988,1.062164351423,0,0,0
3052,-9.22714491249461,-0.532814414214938,0.960432268830731,0,0,0
3053,-9.1447056576004,-0.468892277365427,0.890293612221394,0,0,0
3054,-9.13295449980826,-0.331495004610204,0.813540315393272,0,0,0
3055,-9.14258234199016,-0.155999942967165,0.81787680842387,0,0,0
3056,-9.10766732657278,0.029653471243537,0.794877645665694,0,0,0
3057,-9.05444296181724,0.212993460490667,0.731310595069414,0,0,0
3058,-9.00716609974599,0.367494518876886,0.760572167188333,0,0,0
3059,-9.07057938487936,0.482525743679888,0.821184625650014,0,0,0
3060,-9.219371162816,0.544406624990739,0.787820013321895,0,0,0
3061,-9.3669827739523,0.557258372182455,0.801071107118998,0,0,0
3062,-9.5087363089466,0.550771411519593,0.801268493868808,0,0,0
3063,-9.57142345763847,0.511154472932465,0.783187612600385,0,0,0
3064,-9.59275754775851,0.47385823914031,0.794823033649072,0,0,0
3065,-9.5612551476993,0.452722091147884,0.796890778433749,0,0,0
3066,-9.49843446740836,0.474228426948937,0.749396042202453,0,0,0
3067,-9.4739579910987,0.521476385812103,0.70209194798896,0,0,0
3068,-9.45230175455291,0.563637772443057,0.704194892217497,0,0,0
3069,-9.46213900854625,0.613238878909524,0.717699995293263,0,0,0
3070,-9.50130221657542,0.679333252545659,0.652253374348185,0,0,0
3071,-9.49035256754751,0.697080873258166,0.706432828987651,0,0,0
3072,-9.40103404839842,0.719800646489358,0.857481037372192,0,0,0
3073,-9.37378580829968,0.72182663248519,0.832712618661679,0,0,0
3074,-9.38003377832182,0.69277468440675,0.767249180171284,0,0,0
3075,-9.36916724791988,0.705906706166729,0.751321718405434,0,0,0
3076,-9.30596883011401,0.711734424832329,0.828161129571887,0,0,0
3077,-9.25688784385808,0.705835200169589,0.843656302964591,0,0,0
3078,-9.21744259886385,0.70170540360368,0.814753881744949,0,0,0
3079,-9.2204691573565,0.721532805618448,0.873265241565829,0,0,0
3080,-9.32132381688849,0.678075081781797,1.00663432140934,0,0,0
3081,-9.53055903728955,0.631718926855774,1.11513838719958,0,0,0
3082,-9.73239646808205,0.563061541208491,1.12663866538828,0,0,0
3083,-9.79597754535832,0.513329063584803,1.16335042457824,0,0,0
3084,-9.79811001966048,0.465507638993339,1.22409659151649,0,0,0
3085,-9.81074779773164,0.420883221239841,1.28522966322148,0,0,0
3086,-9.83774134244628,0.398500042618481,1.4252069946442,0,0,0
3087,-9.88224767643124,0.34727036451141,1.47940128188141,0,0,0
3088,-9.89935139578428,0.2913908668249,1.44107650770337,0,0,0
3089,-9.90329374821644,0.271476976596104,1.38473173464181,0,0,0
3090,-9.98263146681675,0.26561912069073,1.22188636927529,0,0,0
3091,-10.0144542105588,0.295602600407456,1.17679992207004,0,0,0
3092,-9.90930604446691,0.370668774070428,1.21297878103703,0,0,0
3093,-9.81860544228318,0.456564612380515,1.12680950610662,0,0,0
3094,-9.75672872526731,0.525144463162789,1.03625636073112,0,0,0
3095,-9.68368959272835,0.597967822259524,1.01118984085244,0,0,0
3096,-9.57776584612199,0.65556042787209,0.925616397278987,0,0,0
3097,-9.45419460230005,0.698776289926564,0.855568663609199,0,0,0
3098,-9.37717326929398,0.665887667128921,0.823836382412289,0,0,0
3099,-9.31989766458611,0.558471998584339,0.868699619671658,0,0,0
3100,-9.27651266776603,0.396016440494251,0.954765900172208,0,0,0
3101,-9.26725558781711,0.240694922398076,1.01364823997189,0,0,0
3102,-9.34617167356216,0.139144317788523,1.02313122960881,0,0,0
3103,-9.49689959002597,0.107767741398195,0.948636085242024,0,0,0
3104,-9.62122456602604,0.100399884668575,0.964344530760382,0,0,0
3105,-9.69214292970764,0.0593520284985923,1.03022207688107,0,0,0
3106,-9.7427153898467,-0.0572820131911551,1.01879919341876,0,0,0
3107,-9.75802947374777,-0.239364560816089,1.07311330233411,0,0,0
3108,-9.75760111619079,-0.39667380448103,1.20211540638331,0,0,0
3109,-9.77510649521934,-0.427816429508391,1.16150588817369,0,0,0
3110,-9.72928391230418,-0.336467262147363,1.2268767313607,0,0,0
3111,-9.67906446389867,-0.227053694952782,1.32845830671346,0,0,0
3112,-9.69045522878825,-0.208729434874881,1.36242062366834,0,0,0
3113,-9.66186093024137,-0.303629201074981,1.38057131864265,0,0,0
3114,-9.54716145780567,-0.445165510769825,1.29914586185419,0,0,0
3115,-9.35627155117279,-0.629624020293181,1.14140288542547,0,0,0
3116,-9.16874555673532,-0.799122243474733,1.05102009941639,0,0,0
3117,-9.06043275491988,-0.953919664530444,1.03520707076904,0,0,0
3118,-9.06442416297615,-1.11101020039112,1.02192170740917,0,0,0
3119,-9.09053376132987,-1.281017234077,0.98391661596756,0,0,0
3120,-9.17385800397343,-1.45995253658101,0.889014592109503,0,0,0
3121,-9.25904918682715,-1.60201880425443,0.846502089501515,0,0,0
3122,-9.36362457176915,-1.7107585888876,0.77647945970849,0,0,0
3123,-9.42519553674867,-1.77900014477767,0.706769948445142,0,0,0
3124,-9.5310344981217,-1.85241533672483,0.744833004463739,0,0,0
3125,-9.75521505671871,-2.02111787442437,0.741029766094875,0,0,0
3126,-9.93901228351009,-2.24086692996781,0.754841399251515,0,0,0
3127,-10.0220605528609,-2.41271187327764,0.684967714624717,0,0,0
3128,-9.92195850611871,-2.44540309277815,0.468209275797184,0,0,0
3129,-9.60187694609057,-2.31818810106178,0.3140845408474,0,0,0
3130,-9.33657245290752,-2.10403319477523,0.252891674992663,0,0,0
3131,-9.21804715089748,-1.89222123550296,0.248166661496082,0,0,0
3132,-9.15089775215633,-1.71105848879236,0.259318473259306,0,0,0
3133,-9.09964637206062,-1.54567761567106,0.211581432226645,0,0,0
3134,-9.03889174717527,-1.40966940078197,0.157093568956253,0,0,0
3135,-9.06393899594117,-1.2382248309405,0.326513755540581,0,0,0
3136,-9.25767120318586,-1.11603328226498,0.428147968372158,0,0,0
3137,-9.50810349676224,-0.993138372027831,0.385077567594772,0,0,0
3138,-9.63723918253428,-0.83164855859995,0.414256228990014,0,0,0
3139,-9.77483445184132,-0.678617284065875,0.425574060596307,0,0,0
3140,-9.92756477037197,-0.565810908170732,0.445979092786874,0,0,0
3141,-10.068518441217,-0.521191285435106,0.454866528299209,0,0,0
3142,-10.1778330992095,-0.70789112710376,0.484692676722468,0,0,0
3143,-10.1832374554061,-1.10178941287091,0.690453445715829,0,0,0
3144,-10.2045783341934,-1.47734593769271,0.984386650380194,0,0,0
3145,-10.3764016094424,-1.69212792775085,1.06406790972968,0,0,0
3146,-10.6837922444905,-1.66723213380393,1.21547425394445,0,0,0
3147,-10.9438952072309,-1.43980899760006,1.13890102515239,0,0,0
3148,-10.9442991317611,-1.14073956295058,0.887785515822839,0,0,0
3149,-10.6140849491195,-0.788759986721015,0.950430683807293,0,0,0
3150,-10.1853532386364,-0.425446470407958,1.17090636260902,0,0,0
3151,-9.76503819751707,-0.0864005511465053,1.08198924264619,0,0,0
3152,-9.39960095607231,0.241335152064557,0.871733735263991,0,0,0
3153,-9.1264834686243,0.4930577743342,0.778586263955684,0,0,0
3154,-8.94656209001885,0.64495584808454,0.857258548510069,0,0,0
3155,-8.84559268560643,0.67244239887151,0.942987876613614,0,0,0
3156,-8.79020615553348,0.553979842365565,1.01958080426634,0,0,0
3157,-8.75617193782295,0.302246075723567,1.01333872703247,0,0,0
3158,-8.77908964579219,-0.0382510401972437,0.966671008297105,0,0,0
3159,-8.79002048043261,-0.359883767984409,0.935209028076375,0,0,0
3160,-8.82221095075277,-0.59762058249959,0.91289813006642,0,0,0
3161,-8.85462010351623,-0.680154456100302,0.806854913577975,0,0,0
3162,-8.91887090365062,-0.593336215786812,0.657835898987897,0,0,0
3163,-9.03427778521492,-0.452383268172565,0.58529549517383,0,0,0
3164,-9.18379464931134,-0.235862742244711,0.628366085013841,0,0,0
3165,-9.39925985723161,-0.0324355508923967,0.594317714016638,0,0,0
3166,-9.65552670411021,0.16237079606058,0.472028415381228,0,0,0
3167,-9.80546548222934,0.369392510982884,0.458356052890737,0,0,0
3168,-9.81964979919146,0.558596075273069,0.505690336666485,0,0,0
3169,-9.82704567619724,0.683782607176235,0.541313217602245,0,0,0
3170,-9.85651613610783,0.745792404316434,0.491963914882147,0,0,0
3171,-9.81098561309028,0.809515196635707,0.437273880136784,0,0,0
3172,-9.73059487242462,0.871364893085566,0.416923832973249,0,0,0
3173,-9.70601361065553,0.907244769070681,0.491595259138406,0,0,0
3174,-9.68051640236247,0.88691101992097,0.566325711415411,0,0,0
3175,-9.62539467172227,0.834411582873868,0.654525522443632,0,0,0
3176,-9.5817815652881,0.747642080108255,0.699471461364926,0,0,0
3177,-9.54655852607975,0.673044847753708,0.733502395875005,0,0,0
3178,-9.51083607556826,0.580657088332473,0.760872422909205,0,0,0
3179,-9.49824897613839,0.488104471357659,0.747315048471142,0,0,0
3180,-9.49565820903046,0.42901307147076,0.765156168512678,0,0,0
3181,-9.51528302532283,0.39799073479371,0.826279986095647,0,0,0
3182,-9.5778372495338,0.381257984406089,0.973338744003241,0,0,0
3183,-9.74869979412736,0.357128159451661,1.09779530613572,0,0,0
3184,-9.91954060839407,0.314845500902083,1.0165495941978,0,0,0
3185,-9.91253839368247,0.278465953647805,0.93282451516901,0,0,0
3186,-9.77901467198907,0.274433712268336,0.928415019389553,0,0,0
3187,-9.65996292523494,0.303996566149801,0.898942937396737,0,0,0
3188,-9.6528224818129,0.407102659373613,0.889697908188273,0,0,0
3189,-9.73107917448099,0.516458019498972,0.905539498998849,0,0,0
3190,-9.78883767474851,0.575437652594394,0.923391438137445,0,0,0
3191,-9.76587442160525,0.589169657456365,0.892029842308735,0,0,0
3192,-9.74185743805172,0.590330697287226,0.812578054738372,0,0,0
3193,-9.73286586865211,0.581038404281416,0.774089979724914,0,0,0
3194,-9.67493909551513,0.547310617460969,0.810705573637245,0,0,0
3195,-9.64534936460993,0.492283668977967,0.819490273094465,0,0,0
3196,-9.63248262969557,0.395433609924227,0.799257781679624,0,0,0
3197,-9.68952734159662,0.299742092147625,0.761001967593422,0,0,0
3198,-9.703973840245,0.23958503442063,0.840318068030312,0,0,0
3199,-9.68053560245519,0.182948335690542,0.892309927216123,0,0,0
3200,-9.66236906980489,0.148508512788218,0.928279496625821,0,0,0
3201,-9.65947426411948,0.0942553166669963,0.986962270149035,0,0,0
3202,-9.67904016619008,0.0473096035008104,1.04123112154564,0,0,0
3203,-9.69409343161915,-0.011107722081568,1.06379319337806,0,0,0
3204,-9.6762071031752,-0.0779002272016753,1.08465934835219,0,0,0
3205,-9.66996189413821,-0.10816207781162,1.06388058518807,0,0,0
3206,-9.64521941385019,-0.0903540676591927,1.0300624752103,0,0,0
3207,-9.62080239509683,-0.0523017705882756,0.989447348787567,0,0,0
3208,-9.63702681945312,-0.0250547032984279,0.982653380036479,0,0,0
3209,-9.64901825553157,-0.00959434377928249,1.06376160193973,0,0,0
3210,-9.68703351870227,-0.029206232940403,1.06380778749824,0,0,0
3211,-9.7104512759795,-0.0731190088654365,0.980590897165363,0,0,0
3212,-9.6783717226376,-0.164439919808251,0.907912134312878,0,0,0
3213,-9.64917515504119,-0.256473796905764,0.876659047551669,0,0,0
3214,-9.65011023892339,-0.32367504468477,0.847465969982707,0,0,0
3215,-9.66089425631943,-0.35269383748808,0.820401194002678,0,0,0
3216,-9.64545385915279,-0.346452179236916,0.876752472130152,0,0,0
3217,-9.65616023837502,-0.357163141241933,0.901807542126958,0,0,0
3218,-9.66966579835418,-0.372912420965954,0.942391521531241,0,0,0
3219,-9.67330339117843,-0.426813670985897,0.951485681302088,0,0,0
3220,-9.67693518301283,-0.466998944880237,0.924524132285292,0,0,0
3221,-9.63556519068451,-0.514880387614757,0.924547650391859,0,0,0
3222,-9.59898913190728,-0.558389219011265,0.935766479286647,0,0,0
3223,-9.55785896730629,-0.631621359054768,0.991993442421797,0,0,0
3224,-9.53596747719866,-0.680715598018098,1.02855242225472,0,0,0
3225,-9.54047802658709,-0.730846848465396,1.02370774868498,0,0,0
3226,-9.52293947376886,-0.788844671282175,1.04221042799035,0,0,0
3227,-9.50207180333233,-0.836580080276526,1.04215145269408,0,0,0
3228,-9.50823925098536,-0.861028739961991,1.05131186925351,0,0,0
3229,-9.499541863353,-0.86834074813857,1.09855202591533,0,0,0
3230,-9.50837626726517,-0.904529744023877,1.08937031175971,0,0,0
3231,-9.50072568196615,-0.958597323579895,1.08264711107371,0,0,0
3232,-9.50916177925554,-0.994426595742961,1.0826909087936,0,0,0
3233,-9.46717665859838,-1.04174145799247,1.0694497836167,0,0,0
3234,-9.430067292567,-1.10068232514782,0.96559356228773,0,0,0
3235,-9.38736752648322,-1.11288556544298,0.866008681280981,0,0,0
3236,-9.2907520116789,-1.10108224777873,0.793561168032087,0,0,0
3237,-9.20867490375794,-1.1015594409228,0.687739071635661,0,0,0
3238,-9.13014578858654,-1.13511405106107,0.565277693733007,0,0,0
3239,-9.0812210494665,-1.2142816304962,0.452496981861972,0,0,0
3240,-9.09109119888421,-1.28581300508021,0.400729029541867,0,0,0
3241,-9.15701151052416,-1.36525233298784,0.362654935242736,0,0,0
3242,-9.27071031686443,-1.4693945223115,0.335545412376377,0,0,0
3243,-9.37119746672992,-1.60391806848302,0.297843134270713,0,0,0
3244,-9.43089390269358,-1.72732445405965,0.302144853132067,0,0,0
3245,-9.47471277130306,-1.81897141733049,0.313467898568785,0,0,0
3246,-9.54526183797222,-1.88252769706451,0.374853926416297,0,0,0
3247,-9.58340587749314,-1.9091247217688,0.431275374510733,0,0,0
3248,-9.68459332416472,-1.90033476023551,0.402164991723162,0,0,0
3249,-9.71974638913782,-1.83022662070061,0.372655658336868,0,0,0
3250,-9.66763389811628,-1.73023197714297,0.322632578674609,0,0,0
3251,-9.57428871454341,-1.59844708954371,0.379280777909308,0,0,0
3252,-9.50549100117838,-1.45666338255466,0.416996771504622,0,0,0
3253,-9.45946526761903,-1.33772565980526,0.426163343536491,0,0,0
3254,-9.46059558856418,-1.25430796871996,0.390034632239436,0,0,0
3255,-9.44130660105293,-1.19627117887239,0.480302701809463,0,0,0
3256,-9.43942749659177,-1.18523387941106,0.466641767316005,0,0,0
3257,-9.44537072873473,-1.22316863019199,0.469041227964759,0,0,0
3258,-9.41977785458372,-1.28447659328202,0.478027327060665,0,0,0
3259,-9.4201257500116,-1.36486995602219,0.505505510090621,0,0,0
3260,-9.40600082504494,-1.43985882909386,0.523355190689596,0,0,0
3261,-9.40019566211116,-1.50721957350034,0.534812423150098,0,0,0
3262,-9.36637569104202,-1.54659080884385,0.58197263469543,0,0,0
3263,-9.32090811483488,-1.55612688760155,0.57075609500554,0,0,0
3264,-9.30965659159101,-1.55404544667494,0.554936382113795,0,0,0
3265,-9.30350552575979,-1.51361032030658,0.487132003677405,0,0,0
3266,-9.29692357404932,-1.44997900671185,0.4354987764118,0,0,0
3267,-9.26658324858004,-1.39912581112515,0.421679910806887,0,0,0
3268,-9.24270459140994,-1.36844080073526,0.446282528880816,0,0,0
3269,-9.26131568280794,-1.35723520632504,0.414469827655447,0,0,0
3270,-9.26775466852409,-1.36135396077983,0.333266351349364,0,0,0
3271,-9.28122522619268,-1.36333907280326,0.292623073410948,0,0,0
3272,-9.31049221467361,-1.3650787941901,0.263282915513351,0,0,0
3273,-9.3624613128633,-1.37115881969686,0.260968684583092,0,0,0
3274,-9.35202173969654,-1.39512206144195,0.254695076427432,0,0,0
3275,-9.32455365521807,-1.45679173894648,0.227349543992532,0,0,0
3276,-9.31499420908633,-1.51347510923496,0.18881432508558,0,0,0
3277,-9.32783183875454,-1.54458357778832,0.21831426209451,0,0,0
3278,-9.28635292722041,-1.56272301633741,0.250216189099439,0,0,0
3279,-9.23970456510754,-1.54359672180763,0.227385630098699,0,0,0
3280,-9.16124467525949,-1.53845515706062,0.184221539186364,0,0,0
3281,-9.11135995741041,-1.54129282387278,0.148150954730859,0,0,0
3282,-9.04958181823891,-1.58255158312661,0.123406341853571,0,0,0
3283,-8.98590072425748,-1.61504145400586,0.105330032524203,0,0,0
3284,-8.96899845870302,-1.69412633326836,0.0556175832460346,0,0,0
3285,-9.04932105967879,-1.75816252139493,0.0285394370004158,0,0,0
3286,-9.1491806409964,-1.73200614089066,0.0420325341756078,0,0,0
3287,-9.18998957802604,-1.67673059974535,-0.0593443165858413,0,0,0
3288,-9.1246183068713,-1.65045932969762,-0.0524460935961403,0,0,0
3289,-9.05956294017993,-1.68152259554526,-0.0121898250681441,0,0,0
3290,-8.99330502512604,-1.73660807512625,0.0397720953706325,0,0,0
3291,-8.89758745573891,-1.80795783958614,-0.0348455425089687,0,0,0
3292,-8.80732932417133,-1.89627419453612,-0.120249243136267,0,0,0
3293,-8.91138135902283,-1.91077646389986,-0.201764525535604,0,0,0
3294,-9.12996803085504,-1.92980910000292,-0.264936214460977,0,0,0
3295,-9.34098764399026,-1.95286224173034,-0.20349826355428,0,0,0
3296,-9.5686138695094,-1.96961779293423,0.0157525694404957,0,0,0
3297,-9.91733144814983,-1.92662675810813,0.523924697580782,0,0,0
3298,-10.4667800293238,-1.82323487960743,0.845090212639836,0,0,0
3299,-11.1352611329857,-1.63737129823449,1.19315695922792,0,0,0
3300,-11.9442247446292,-1.39732784923774,1.53909633332987,0,0,0
3301,-12.579251121053,-1.28293968857252,1.11939846608275,0,0,0
3302,-12.3096426973707,-1.20121319454655,0.290140607504803,0,0,0
3303,-11.3066410110829,-0.987330814454192,-0.23680713068418,0,0,0
3304,-10.3679542104182,-0.894791885678106,-0.350555663308646,0,0,0
3305,-10.0448434189039,-0.972557113902374,-0.348720901155128,0,0,0
3306,-10.0470318615482,-1.09132977390964,-0.310002620140006,0,0,0
3307,-10.1399076270817,-1.20909556198609,-0.181076790778108,0,0,0
3308,-10.4092725742381,-1.2995054722839,0.180570069546712,0,0,0
3309,-10.8797844125026,-1.35051339892407,0.569507978237419,0,0,0
3310,-11.320734418216,-1.31023189529635,0.806715654540606,0,0,0
3311,-11.4367314899327,-1.07864397779815,0.951382826430063,0,0,0
3312,-11.2193376358464,-0.722583364970424,1.02087432059688,0,0,0
3313,-10.8015287409609,-0.347251138238209,1.03600638129499,0,0,0
3314,-10.2440763682422,0.0393222258634183,1.02393078633283,0,0,0
3315,-9.67560798064735,0.388907393861483,1.07248481385409,0,0,0
3316,-9.27225696426504,0.553254902804063,1.18280741533188,0,0,0
3317,-9.02721299607165,0.596394063288995,1.25261422873555,0,0,0
3318,-8.88032101463768,0.587398479689269,1.30231045898709,0,0,0
3319,-8.79409133093133,0.54991272662207,1.40844589691261,0,0,0
3320,-8.69578197488691,0.462767667976418,1.52140194098247,0,0,0
3321,-8.55847998589054,0.435072892631117,1.65882677312824,0,0,0
3322,-8.396119283632,0.484905243481927,1.66130584333439,0,0,0
3323,-8.30011807033361,0.573774917772895,1.54389270730848,0,0,0
3324,-8.26844657686107,0.710506966170943,1.43079768039629,0,0,0
3325,-8.31874330873477,0.802014010715622,1.44692593504828,0,0,0
3326,-8.48294178382305,0.864591803577519,1.45562032293832,0,0,0
3327,-8.65710933381894,0.86010428785969,1.44867846633706,0,0,0
3328,-8.85063517667435,0.838614626310544,1.36978009643526,0,0,0
3329,-9.05333869868846,0.826251949370065,1.30442952851542,0,0,0
3330,-9.30956238863247,0.815364082568229,1.22584896122673,0,0,0
3331,-9.55066507664372,0.783034453963486,1.1309922763869,0,0,0
3332,-9.73046231651847,0.761504690208177,1.06347368837739,0,0,0
3333,-9.84130535364563,0.760750908735856,0.988823465216439,0,0,0
3334,-9.9118125700168,0.713318207272953,0.903479619289015,0,0,0
3335,-10.0534807429493,0.65212102026135,0.880765073028963,0,0,0
3336,-10.1514677265997,0.565904914349429,0.83113744854301,0,0,0
3337,-10.1218969406829,0.46049768182118,0.876786048551982,0,0,0
3338,-10.049403744024,0.375124858986886,0.919261083218798,0,0,0
3339,-9.96430333310121,0.313701047152632,0.847284073866269,0,0,0
3340,-9.8169520210573,0.264041524320471,0.89466890322664,0,0,0
3341,-9.62544301691547,0.253781238034891,1.08417614494161,0,0,0
3342,-9.47185748357004,0.260572813853266,1.16330838951565,0,0,0
3343,-9.30720836545002,0.269279767245952,1.20393959078543,0,0,0
3344,-9.25195112183698,0.287844468910275,1.19672405347134,0,0,0
3345,-9.15846112531229,0.365062280477229,1.13785673141458,0,0,0
3346,-9.13130401854316,0.371555149152857,1.14018620158398,0,0,0
3347,-9.20368934722441,0.388552399812713,1.063424886556,0,0,0
3348,-9.15107016233444,0.381576243546861,1.02303105544197,0,0,0
3349,-9.06840158434774,0.393195119153188,0.9662115007374,0,0,0
3350,-9.01368128894341,0.397472987743128,0.880633296875262,0,0,0
3351,-9.02281418291573,0.395268779638985,0.796978706193907,0,0,0
3352,-9.06968924424356,0.330314844490895,0.744843379567901,0,0,0
3353,-9.11562829255995,0.282217631425169,0.718111162233402,0,0,0
3354,-9.17406660697302,0.271968465350284,0.682023917272953,0,0,0
3355,-9.21956386547407,0.274660002498669,0.598291647380346,0,0,0
3356,-9.24714917996649,0.297477543361827,0.521397878024977,0,0,0
3357,-9.20606044129939,0.3201417262429,0.447199651767624,0,0,0
3358,-9.22206353116177,0.336208356793427,0.38169485679311,0,0,0
3359,-9.25148865723131,0.345752096093457,0.313947378083258,0,0,0
3360,-9.28343401996629,0.357347746917953,0.286756841605127,0,0,0
3361,-9.32464307793374,0.371143512183842,0.263990509848078,0,0,0
3362,-9.38963328988635,0.361216744083919,0.207676838872089,0,0,0
3363,-9.43484813134963,0.343594161743939,0.196239343770325,0,0,0
3364,-9.46191504815529,0.341727128482471,0.252723609066488,0,0,0
3365,-9.45796986936107,0.384450238468262,0.363442029692288,0,0,0
3366,-9.5151663936842,0.471354881608163,0.395297128176909,0,0,0
3367,-9.52259462628746,0.601106846657911,0.369933206657757,0,0,0
3368,-9.45665229428511,0.705681787969674,0.374295035191684,0,0,0
3369,-9.36310948953245,0.778369121172092,0.347052499960575,0,0,0
3370,-9.25475114346612,0.808660494383389,0.349496563811851,0,0,0
3371,-9.19522629551797,0.85661535235602,0.294910317448486,0,0,0
3372,-9.1370621973945,0.914620790427162,0.18885050401888,0,0,0
3373,-9.07006452828809,0.933471033897833,0.091473776221772,0,0,0
3374,-9.0078189348003,0.842474190460391,-0.0327890088287474,0,0,0
3375,-9.04501973476827,0.686553567418628,-0.0773815023378077,0,0,0
3376,-9.10779097166379,0.651413251616734,-0.077399312806109,0,0,0
3377,-9.1286005486892,0.806609681994941,-0.0234422407735819,0,0,0
3378,-9.12016026692147,0.97953982327428,0.00121209316074469,0,0,0
3379,-9.12841908772761,1.05135237633936,-0.127791492195599,0,0,0
3380,-9.29000229083854,0.984047210825668,-0.261062465832676,0,0,0
3381,-9.50249736132823,0.900156598102549,-0.188363028206195,0,0,0
3382,-9.6252224343798,0.839444908098549,-0.0366983580220683,0,0,0
3383,-9.67837606504961,0.813815186247933,0.065290544545974,0,0,0
3384,-9.75748957235778,0.778441936120739,-0.018573778762351,0,0,0
3385,-9.86247440233311,0.760657539980194,-0.158225140181575,0,0,0
3386,-10.0929838007825,0.779846766643845,0.126486861631146,0,0,0
3387,-10.6427354438079,0.700061946858857,0.765918865511208,0,0,0
3388,-11.5510303748484,0.388602921391727,1.23447445452986,0,0,0
3389,-12.58974778637,-0.0891944216172684,1.21299303786289,0,0,0
3390,-13.3475196427157,-0.627356713254568,0.985955136998565,0,0,0
3391,-13.391455328323,-1.09153738500221,0.753942735774747,0,0,0
3392,-12.4206878314418,-1.30734681515977,0.32872328516192,0,0,0
3393,-11.1672390743981,-1.41977862775482,0.176685221738285,0,0,0
3394,-10.4603359643365,-1.39383147875437,0.356583264854026,0,0,0
3395,-10.1181176180958,-1.39807258523853,0.66891073355514,0,0,0
3396,-9.83548200833526,-1.49112290184252,0.871803790305927,0,0,0
3397,-9.65092941643263,-1.63159304130772,0.840018533934987,0,0,0
3398,-9.57736842791853,-1.72515613550708,1.02527197647153,0,0,0
3399,-9.63619894592956,-1.7200350056762,1.51099348796794,0,0,0
3400,-9.79892289015811,-1.74069729562747,1.9490954207346,0,0,0
3401,-9.81121721398525,-1.81478039473321,2.21578881279927,0,0,0
3402,-9.6859010915259,-1.86583243474291,2.14141701467061,0,0,0
3403,-9.4657519687736,-1.82674022175364,1.82709795550288,0,0,0
3404,-9.12500932875854,-1.68586786132238,1.71162953334133,0,0,0
3405,-8.89737167396651,-1.5229117083993,1.58943731742775,0,0,0
3406,-9.03041663659958,-1.38806376563952,1.37020563994501,0,0,0
3407,-9.28381992651394,-1.37092588619647,1.2977945620987,0,0,0
3408,-9.47362049345255,-1.46190809779917,1.3275706312802,0,0,0
3409,-9.61530553648054,-1.59861211732992,1.33477767413375,0,0,0
3410,-9.69262272824116,-1.73041494821479,1.22175391723372,0,0,0
3411,-9.75361484316523,-1.88021302709091,1.04559366038379,0,0,0
3412,-9.82284120442656,-2.03148905647174,0.960167178763548,0,0,0
3413,-9.76176214042912,-2.0688208846826,0.964491393122133,0,0,0
3414,-9.57102486512163,-1.99075852834343,1.07740198014269,0,0,0
3415,-9.3163800151677,-1.84666288330678,1.19000759124548,0,0,0
3416,-9.19774800023293,-1.63929099029603,1.13333928903562,0,0,0
3417,-9.13792483256726,-1.43569765571719,1.13082394209767,0,0,0
3418,-9.12914444722609,-1.28529612952535,1.19615630037222,0,0,0
3419,-9.10845550918201,-1.20978748817496,1.22061889733264,0,0,0
3420,-9.02669594003748,-1.16952340244318,1.20754507643427,0,0,0
3421,-8.9523683617136,-1.17307291884904,1.11706101994967,0,0,0
3422,-8.86904787697222,-1.15402418076458,1.1283740194094,0,0,0
3423,-8.84561886688988,-1.10546458008502,1.08510619447486,0,0,0
3424,-8.861051844122,-1.0842857520373,0.958902181494252,0,0,0
3425,-8.87911130225573,-1.11820691855147,0.897680835404014,0,0,0
3426,-8.86723987311714,-1.15204783101666,0.829951942186733,0,0,0
3427,-8.84613003365858,-1.1904450764483,0.852660664283121,0,0,0
3428,-8.88156941386444,-1.2166426626945,0.839256916801904,0,0,0
3429,-8.9352955851687,-1.26327983296265,0.775910103728734,0,0,0
3430,-9.00687322459417,-1.29805694314124,0.75340908549246,0,0,0
3431,-9.09651965914599,-1.31656744683033,0.683569107864722,0,0,0
3432,-9.20044392640319,-1.32409053430701,0.545680802436907,0,0,0
3433,-9.25662637427666,-1.30696891775718,0.453291551685086,0,0,0
3434,-9.22743142927572,-1.2984214559275,0.423901656999847,0,0,0
3435,-9.20668127189015,-1.36221179374616,0.378494740188495,0,0,0
3436,-9.22748073484816,-1.44237351616151,0.326840106372467,0,0,0
3437,-9.25518227164769,-1.53851046211369,0.256945358881171,0,0,0
3438,-9.2831178771923,-1.63488076751234,0.236642808693778,0,0,0
3439,-9.26404874853838,-1.69582883201548,0.182489382223725,0,0,0
3440,-9.18039688356504,-1.68100883693448,0.108078793306897,0,0,0
3441,-9.11788713911548,-1.64154208852864,0.0876680547711557,0,0,0
3442,-9.07548512308193,-1.65177032318125,0.0805844553759254,0,0,0
3443,-8.95886795858894,-1.74123661922899,0.155231957926213,0,0,0
3444,-8.75705872397161,-1.82803499421911,0.297383554017058,0,0,0
3445,-8.69282067341759,-1.89424122513796,0.268049944129397,0,0,0
3446,-8.78034362891471,-1.92655830140128,0.118979944797099,0,0,0
3447,-8.94174718331374,-1.97090649258886,0.0763185005693114,0,0,0
3448,-9.10005932148228,-1.93223667904469,0.132943720620714,0,0,0
3449,-9.16243473080626,-1.80021328376752,0.0631194438044904,0,0,0
3450,-9.14185329981837,-1.64482059843519,-0.169497825480118,0,0,0
3451,-9.10405030948813,-1.48816367116515,-0.434136196186743,0,0,0
3452,-9.09984474751844,-1.34673178236889,-0.667117013300271,0,0,0
3453,-9.06431596799324,-1.21748310999259,-0.846096243205484,0,0,0
3454,-9.07613310198278,-1.13335353226939,-0.86159712481424,0,0,0
3455,-9.14337184977483,-1.17295595981881,-0.816436519428961,0,0,0
3456,-9.21746392211651,-1.38155594219319,-0.812038555197445,0,0,0
3457,-9.37465118264392,-1.64813943891622,-0.515288890330218,0,0,0
3458,-9.83511119528262,-1.79888244027354,0.14684188276106,0,0,0
3459,-10.7371894307895,-1.80038846385317,0.933618282743149,0,0,0
3460,-11.7786360668493,-1.74623587708748,1.21619079807587,0,0,0
3461,-12.3841241533762,-1.63212849338266,0.778500741400256,0,0,0
3462,-12.2281285783967,-1.35974036543451,-0.0328172663661004,0,0,0
3463,-11.3805791952581,-0.885000181564808,-0.381512589591611,0,0,0
3464,-10.5960174854462,-0.457413811387076,0.19137990847971,0,0,0
3465,-10.4904971978241,-0.357039968348306,0.888810883590798,0,0,0
3466,-10.5472031617668,-0.342786897358768,1.03789908928342,0,0,0
3467,-10.4527140950729,-0.145744083041409,0.86174612539634,0,0,0
3468,-10.379110403803,0.188203023457707,0.678397512795974,0,0,0
3469,-10.3890828322899,0.521006638383766,0.736772122222322,0,0,0
3470,-10.3309955782261,0.827817900541303,1.12497550508398,0,0,0
3471,-10.1196791928065,1.08626752434184,1.62341553741564,0,0,0
3472,-9.88088347120024,1.22359911401057,1.99803278093919,0,0,0
3473,-9.69070214338026,1.29426817319164,2.20100727787975,0,0,0
3474,-9.6244870238648,1.24372907148742,2.2055342465143,0,0,0
3475,-9.55343497083268,1.08154070651895,1.98912231797542,0,0,0
3476,-9.54840321752981,0.906115705182316,1.80400837435456,0,0,0
3477,-9.57818540519237,0.775948802795075,1.68878926740682,0,0,0
3478,-9.56241413483012,0.65459078674697,1.60091930838897,0,0,0
3479,-9.56331114138567,0.576051368014188,1.4835580323001,0,0,0
3480,-9.61240218805547,0.561430663778434,1.37077348854351,0,0,0
3481,-9.79355199629555,0.623102478877814,1.29864983444049,0,0,0
3482,-9.97011586257875,0.652782196697672,1.27831279561681,0,0,0
3483,-10.1013583342637,0.645413229531379,1.21262205843801,0,0,0
3484,-10.183341128202,0.625399085377815,1.06862897863823,0,0,0
3485,-10.1117216545179,0.614633032140609,0.905591921034914,0,0,0
3486,-9.91185335051835,0.576156661036824,0.93524570994437,0,0,0
3487,-9.64539327908612,0.501307098185753,0.973159688752106,0,0,0
3488,-9.48324128816011,0.411528173959789,1.01860693315081,0,0,0
3489,-9.40997453569257,0.32007026979753,0.977809454308639,0,0,0
3490,-9.31232355761871,0.278017767049694,0.975530759840632,0,0,0
3491,-9.16646337700863,0.304548158016681,1.09049655986063,0,0,0
3492,-9.08098650135964,0.328021213691848,1.14245770415073,0,0,0
3493,-9.07336586098177,0.376785032825267,1.12856157513478,0,0,0
3494,-9.08047450099586,0.447345095199297,1.14694319965329,0,0,0
3495,-9.09360759028245,0.509685811735965,1.18263919448307,0,0,0
3496,-9.10132775088055,0.556852477072016,1.15539528990526,0,0,0
3497,-9.10474296105652,0.542006983060519,1.1038497661069,0,0,0
3498,-9.09574247844721,0.519015306922412,1.08109072512043,0,0,0
3499,-9.08297436512932,0.479162798485048,1.04311285062221,0,0,0
3500,-9.05490556967093,0.406625872849603,0.995645620352083,0,0,0
3501,-9.06303615731855,0.366539056736619,0.948359909511505,0,0,0
3502,-9.08161266412714,0.375474726211184,0.921067796525527,0,0,0
3503,-9.1723132352258,0.40169580300345,0.724508415592429,0,0,0
3504,-9.15044278470808,0.460089133205162,0.622892302399319,0,0,0
3505,-9.00258768983465,0.543453795393605,0.659034873175217,0,0,0
3506,-8.94954451038127,0.61235191591787,0.588910658828269,0,0,0
3507,-8.95190048872816,0.648886005476665,0.460328124906925,0,0,0
3508,-8.91117246476196,0.705550335355319,0.409972965856038,0,0,0
3509,-8.86369163399754,0.723158730931073,0.403340030557794,0,0,0
3510,-8.8090739557072,0.711388012510571,0.249830275775211,0,0,0
3511,-8.78643427035674,0.658608583668923,0.179468812484868,0,0,0
3512,-8.77769064561456,0.585003755666401,0.236392704041842,0,0,0
3513,-8.90687203261444,0.497343099184082,0.275064367593265,0,0,0
3514,-9.17418094439317,0.36801596842125,0.351688120546419,0,0,0
3515,-9.50172589201184,0.183082256428277,0.503909963250365,0,0,0
3516,-9.81355360315041,0.0116138727740376,0.734192408121652,0,0,0
3517,-10.0366133520456,-0.11032601017423,0.983202074254594,0,0,0
3518,-10.2488596769976,-0.244182209561177,0.981131300534959,0,0,0
3519,-10.5147206296355,-0.399534618904326,1.05600653559255,0,0,0
3520,-10.7881046155517,-0.633232599474512,1.11073904696881,0,0,0
3521,-10.8521457973084,-0.854741004690016,1.11327629320688,0,0,0
3522,-10.8796994124866,-0.850181465665642,1.12213223453574,0,0,0
3523,-11.0564789529481,-0.615090798771205,1.02516857426742,0,0,0
3524,-11.2076566068454,-0.221919437004439,1.08112236858199,0,0,0
3525,-11.1726880503483,0.23339404590249,1.14366206427819,0,0,0
3526,-11.0659031135133,0.607125401768401,1.26525154269333,0,0,0
3527,-10.8773924370268,0.669275681472016,1.4187385189198,0,0,0
3528,-10.5758856826112,0.391547130895444,1.81615197786388,0,0,0
3529,-10.1617874747597,-0.103057225163615,2.22539557372252,0,0,0
3530,-9.82812457606804,-0.657132918627381,2.35224417285664,0,0,0
3531,-9.57536691310555,-1.20724175361122,2.27822436358321,0,0,0
3532,-9.27773214859251,-1.63031566550837,2.19933251896356,0,0,0
3533,-8.98235919196073,-1.89795095696232,2.02099421529114,0,0,0
3534,-8.68229386787317,-2.05120599392446,1.849211371805,0,0,0
3535,-8.36423591897305,-2.05404733364952,1.76091851810742,0,0,0
3536,-8.17215499957416,-1.94489049448486,1.8645687897121,0,0,0
3537,-8.22734171782031,-1.73029734999619,1.90738483651617,0,0,0
3538,-8.47510886632291,-1.46766187729279,1.83047828986039,0,0,0
3539,-8.77693602141833,-1.17892212657917,1.63858359551314,0,0,0
3540,-9.0097146087373,-1.01093864257861,1.3809871045083,0,0,0
3541,-9.15543916679975,-1.06019274047364,1.31112088339789,0,0,0
3542,-9.31195612498406,-1.28249746104374,1.3656675655526,0,0,0
3543,-9.59327590727525,-1.60631631130992,1.379655545496,0,0,0
3544,-9.95821488694265,-1.92888471024181,1.33036207829233,0,0,0
3545,-10.1981971792797,-2.24353231833937,1.2317671299325,0,0,0
3546,-10.2282011949227,-2.46987719669735,1.03327426545112,0,0,0
3547,-10.0817197359366,-2.58433671415031,0.895622246920528,0,0,0
3548,-9.90971109759496,-2.52479601755379,0.951620380436046,0,0,0
3549,-9.76382069508363,-2.34741413078812,1.02360863491711,0,0,0
3550,-9.6882770657039,-2.14188393784133,1.07076937124172,0,0,0
3551,-9.60102610661965,-1.92013039926585,0.996230137400748,0,0,0
3552,-9.51890371587046,-1.7125560637263,0.964238304597849,0,0,0
3553,-9.45635913848552,-1.52223797602371,0.894074342335248,0,0,0
3554,-9.34887721240542,-1.39668735453375,0.80530397439936,0,0,0
3555,-9.19834339040721,-1.32437982700656,0.785088234711772,0,0,0
3556,-9.07632499247453,-1.33986086747666,0.789540724757499,0,0,0
3557,-9.00782203534022,-1.39269243616959,0.800844327986726,0,0,0
3558,-8.99917340300537,-1.50514982288194,0.724167021386429,0,0,0
3559,-8.94092013257078,-1.6321478027268,0.703840207178356,0,0,0
3560,-8.88315377666786,-1.68204738884755,0.756090870175749,0,0,0
3561,-8.83860489418181,-1.71066153893815,0.748834808498648,0,0,0
3562,-8.73002030600582,-1.68926974315912,0.627065699023958,0,0,0
3563,-8.56826473980606,-1.63310109886336,0.464377655702819,0,0,0
3564,-8.40717487210057,-1.56618272749016,0.425706980210212,0,0,0
3565,-8.34927852207192,-1.52680962593935,0.563399338671657,0,0,0
3566,-8.38234125522357,-1.53928852715383,0.642773644052844,0,0,0
3567,-8.4406683003277,-1.60878774251253,0.665086861965452,0,0,0
3568,-8.48257309645817,-1.66886218275523,0.723901658897214,0,0,0
3569,-8.57481098438671,-1.64662769238372,0.773916581955456,0,0,0
3570,-8.81227936222986,-1.49487132011115,0.877614592304076,0,0,0
3571,-9.20442055499135,-1.28703286576165,0.994715499664413,0,0,0
3572,-9.57392068653648,-1.10472521699947,0.981695616020826,0,0,0
3573,-9.8051394526297,-0.900978853557785,0.891193372253643,0,0,0
3574,-10.0315186163395,-0.710766371889371,0.945346905062381,0,0,0
3575,-10.3543824488157,-0.548302044652565,1.26845988861063,0,0,0
3576,-10.7999847990852,-0.457841529182909,1.42459670478446,0,0,0
3577,-11.1658605766859,-0.436352365577146,1.4427900693646,0,0,0
3578,-11.5085875118135,-0.460428487233444,1.67558087580781,0,0,0
3579,-11.9865027006435,-0.710672612372576,1.7532427939585,0,0,0
3580,-12.2319528617867,-1.32086289901789,1.68827188076726,0,0,0
3581,-11.9586102514178,-2.03102276016374,1.7137866126128,0,0,0
3582,-11.3448888551841,-2.45904933827902,1.79072125598708,0,0,0
3583,-10.782649399004,-2.54292970139534,1.78563373408915,0,0,0
3584,-10.3925208418424,-2.41680229980874,1.75126592822576,0,0,0
3585,-10.0177435280994,-2.14153167672669,1.73058678276393,0,0,0
3586,-9.69543463538954,-1.68310911731138,1.51776922870178,0,0,0
3587,-9.37274108413038,-1.1556191006205,1.18930855688321,0,0,0
3588,-8.99604174021571,-0.631541706170814,1.11829195389169,0,0,0
3589,-8.65263523071105,-0.236768695220055,1.25560744294302,0,0,0
3590,-8.3886370399236,0.0422279109232835,1.5647497010573,0,0,0
3591,-8.28508821636389,0.170504471498301,1.776754101053,0,0,0
3592,-8.35765049583988,0.180425628668662,1.83316077082715,0,0,0
3593,-8.44280867954304,0.150409246218596,1.77000941257045,0,0,0
3594,-8.51934015434857,0.0558215256863453,1.7163368047365,0,0,0
3595,-8.61271577752041,-0.0623456522084699,1.68687741758028,0,0,0
3596,-8.68354447938826,-0.160394830541238,1.78179363216072,0,0,0
3597,-8.75102834221606,-0.161440696854229,1.86550196180011,0,0,0
3598,-8.94193024767921,-0.0911607927759041,1.75921067255671,0,0,0
3599,-9.23436509599824,0.00583347567187825,1.70057888790109,0,0,0
3600,-9.57870057735472,0.117346711983813,1.64883727515359,0,0,0
3601,-9.91395570874434,0.24251682507388,1.48198371643103,0,0,0
3602,-10.0666338906743,0.369123326307398,1.39631607137993,0,0,0
3603,-10.0692524158638,0.503633438325778,1.4185688317641,0,0,0
3604,-10.0217366924866,0.610466279532276,1.33014785411011,0,0,0
3605,-9.95169449628824,0.627710830297565,1.31898146685309,0,0,0
3606,-9.8979418874057,0.637886854647466,1.31206344991299,0,0,0
3607,-9.85301230240589,0.625589545040253,1.25087375921638,0,0,0
3608,-9.8579516124866,0.625241328241173,1.2868230940423,0,0,0
3609,-9.83234546601333,0.627888540058776,1.25330768926031,0,0,0
3610,-9.78425867421626,0.623259229907693,1.19258677968845,0,0,0
3611,-9.67141979756735,0.603190767801748,1.23986714794788,0,0,0
3612,-9.58130473756179,0.581045078025569,1.29158632440235,0,0,0
3613,-9.54681854020414,0.528604220824395,1.27345497217954,0,0,0
3614,-9.50082160254547,0.473913105868228,1.2644483869921,0,0,0
3615,-9.42747872356368,0.432671122716466,1.42057182209689,0,0,0
3616,-9.37017502076589,0.382321316185269,1.56523099826951,0,0,0
3617,-9.34785471872388,0.345190182875797,1.58745949211965,0,0,0
3618,-9.30008603438969,0.356199431175164,1.61932229030017,0,0,0
3619,-9.27429008641954,0.404745758376374,1.71392241283628,0,0,0
3620,-9.29574087281813,0.474758519386098,1.7364477477751,0,0,0
3621,-9.36233659137899,0.575185440739919,1.69818005818573,0,0,0
3622,-9.4382486956085,0.6435128948037,1.65957132591578,0,0,0
3623,-9.52743285309012,0.71913743602313,1.67084288342561,0,0,0
3624,-9.58538023078585,0.809849206428931,1.81307457960962,0,0,0
3625,-9.66702870626674,0.886071511134062,1.88570260092549,0,0,0
3626,-9.70638577108485,0.908538628204068,1.9464005683368,0,0,0
3627,-9.63382746412264,0.871184878348598,1.95307269784033,0,0,0
3628,-9.50264242641349,0.869369912856325,2.01867601057606,0,0,0
3629,-9.33825063980076,0.980671227012639,2.09043712736535,0,0,0
3630,-9.17450483731768,1.16899320750268,2.17143606330662,0,0,0
3631,-9.101408894504,1.38578967512748,2.23213780153895,0,0,0
3632,-9.05679341929916,1.54455274796949,2.15279399531383,0,0,0
3633,-9.06468301542297,1.61669766949985,2.07593086630266,0,0,0
3634,-9.06503296364913,1.6163900872299,1.99443262399297,0,0,0
3635,-9.07170659500076,1.5205827627852,2.04460803479396,0,0,0
3636,-9.1599672238612,1.40291203379298,2.01317218515353,0,0,0
3637,-9.27557276605739,1.29459594058538,1.87323804736472,0,0,0
3638,-9.41509445762769,1.1304381095005,1.76499909460088,0,0,0
3639,-9.62131236723774,0.906645432500374,1.68397075941542,0,0,0
3640,-9.79911515709857,0.649436961171033,1.61915077665528,0,0,0
3641,-9.9531889311185,0.41585976453394,1.6669321416142,0,0,0
3642,-10.0516716338765,0.242245992543326,1.73277650695218,0,0,0
3643,-10.0811658875962,0.10318294013914,1.71026331734734,0,0,0
3644,-10.017740679985,0.0613250949576256,1.68748931149543,0,0,0
3645,-9.91712607783973,0.113624331485783,1.69865951941361,0,0,0
3646,-9.96353099580149,0.245571064285431,1.66505273402172,0,0,0
3647,-10.0369175430501,0.464971953316851,1.52483669391041,0,0,0
3648,-10.0016037697094,0.740168114084674,1.47670777041378,0,0,0
3649,-9.82508789848981,0.989211200663714,1.52159192972377,0,0,0
3650,-9.59232451697375,1.08412635380688,1.52575758236147,0,0,0
3651,-9.46202209662324,1.10667011264931,1.39681258787658,0,0,0
3652,-9.40701569103831,1.12269433061815,1.21203483271031,0,0,0
3653,-9.25153298634047,1.09492212412659,1.13488217120663,0,0,0
3654,-9.06540562941468,1.0222573774341,1.08288869679048,0,0,0
3655,-8.97772215178271,0.901734439669851,1.03778741556954,0,0,0
3656,-8.9968335275361,0.729570869274593,1.00891020390352,0,0,0
3657,-9.07711934312353,0.53527454586286,1.0362734583438,0,0,0
3658,-9.1840051166568,0.296152299698521,1.16298316504309,0,0,0
3659,-9.36346064200559,0.0692527820369651,1.29866688516693,0,0,0
3660,-9.57141496010623,-0.181493917068978,1.40748384396732,0,0,0
3661,-9.82139678685751,-0.460486159700681,1.59785832728429,0,0,0
3662,-10.0933212781613,-0.76365635957251,1.77933350635553,0,0,0
3663,-10.3085223710414,-0.971372102058671,1.8701356398306,0,0,0
3664,-10.3836588818186,-1.07593660418424,1.81825496145033,0,0,0
3665,-10.327533914427,-1.07929969564765,1.65541405635729,0,0,0
3666,-10.0290184955479,-0.994261298626454,1.67093483873617,0,0,0
3667,-9.6670390873853,-0.919128817237946,1.74975909720249,0,0,0
3668,-9.40489346741253,-0.86338903883345,1.68590408960274,0,0,0
3669,-9.25964770958326,-0.791689270749382,1.61787850472517,0,0,0
3670,-9.2065138547245,-0.718171953133863,1.60656739523011,0,0,0
3671,-9.26478007288879,-0.588882281843849,1.59075381593447,0,0,0
3672,-9.32974759587423,-0.486789449801263,1.52961133386105,0,0,0
3673,-9.35863067681787,-0.460773781646404,1.47577939391388,0,0,0
3674,-9.39834788942319,-0.539178676004187,1.46892253289248,0,0,0
3675,-9.4030631804287,-0.642193739003518,1.52794924245767,0,0,0
3676,-9.39356639149126,-0.710386141692038,1.55709043552451,0,0,0
3677,-9.42241051180758,-0.702634838523668,1.58449059252404,0,0,0
3678,-9.47669191681459,-0.708774423118855,1.67026322523014,0,0,0
3679,-9.52945165423468,-0.708789744597839,1.78284542295549,0,0,0
3680,-9.62591277906639,-0.704471090097466,1.84643069940418,0,0,0
3681,-9.69585029261502,-0.717060877655082,1.89608391991341,0,0,0
3682,-9.73643904878361,-0.746098781947732,1.98855299727225,0,0,0
3683,-9.77648681937591,-0.751750518404825,1.9300530546931,0,0,0
3684,-9.78739270044375,-0.783131713853856,1.83513862520799,0,0,0
3685,-9.77395279632587,-0.767491551957167,1.89618961343567,0,0,0
3686,-9.74213865247101,-0.783779521404519,1.92780577836985,0,0,0
3687,-9.65360512077012,-0.944612156190806,1.90091066300553,0,0,0
3688,-9.50762825771903,-1.18760021500999,1.97108812483457,0,0,0
3689,-9.3811078714942,-1.39276578555693,2.01149655301868,0,0,0
3690,-9.28909408520995,-1.47701862717885,1.96428531151938,0,0,0
3691,-9.17982316084309,-1.51437544352712,1.94411558715335,0,0,0
3692,-9.15064181154576,-1.5286386706035,1.87842255084756,0,0,0
3693,-9.15480475745274,-1.53506983260882,1.82206314976309,0,0,0
3694,-9.19847710745692,-1.52371834636334,1.86470727498735,0,0,0
3695,-9.2330949788005,-1.47827955547391,1.94373199973339,0,0,0
3696,-9.22313566542661,-1.41121775348691,1.97066169109256,0,0,0
3697,-9.25478473643565,-1.35139057332234,1.85581241048015,0,0,0
3698,-9.28240112140409,-1.3239989715038,1.71341639514205,0,0,0
3699,-9.25074375145303,-1.33130929319538,1.76083312193744,0,0,0
3700,-9.21141331872373,-1.36986195261855,1.82427853547635,0,0,0
3701,-9.20425189930563,-1.40380682841819,1.75194050047599,0,0,0
3702,-9.13463890812456,-1.43256405834352,1.66345907975492,0,0,0
3703,-9.03610862184545,-1.49209000058176,1.69084603457952,0,0,0
3704,-8.97690717589831,-1.54046600268611,1.70883143340396,0,0,0
3705,-8.98440018209973,-1.59366680811963,1.63916361268577,0,0,0
3706,-9.03592051819139,-1.67229002755952,1.51006567326237,0,0,0
3707,-9.08350452519691,-1.77001791700395,1.47425538957833,0,0,0
3708,-9.08139881510064,-1.88907334252014,1.53319929672843,0,0,0
3709,-9.10779982765511,-2.04340497590026,1.54938234642347,0,0,0
3710,-9.16023747866863,-2.1550232486295,1.44780508322398,0,0,0
3711,-9.11571316403834,-2.22947782396406,1.36222056323651,0,0,0
3712,-9.00270624931387,-2.32006264243618,1.34811642177706,0,0,0
3713,-8.97537428724255,-2.40944572960636,1.27639782403433,0,0,0
3714,-9.01702131997964,-2.5057304434942,1.21987235535881,0,0,0
3715,-8.96355627788546,-2.58954864882015,1.17485056347066,0,0,0
3716,-8.83157843372165,-2.67043751490894,1.06182460069188,0,0,0
3717,-8.6584585391261,-2.73786467916322,1.01689790242534,0,0,0
3718,-8.4443785546756,-2.73922178948838,0.957938235411427,0,0,0
3719,-8.32729821349149,-2.75271309530346,0.944131215737416,0,0,0
3720,-8.39129543519713,-2.81427762875092,0.964758626302151,0,0,0
3721,-8.59994823870107,-2.86920926222391,1.02377467042855,0,0,0
3722,-8.92981696077658,-2.86890309471334,1.05984289180688,0,0,0
3723,-9.26541045890168,-2.84016384410335,0.988145287883913,0,0,0
3724,-9.44215090166839,-2.84937944177897,0.95391393293824,0,0,0
3725,-9.51128401052664,-2.88403950546404,0.951834339024927,0,0,0
3726,-9.57488242239878,-2.94296247520747,0.929738047391762,0,0,0
3727,-9.51907211659793,-2.90789180292717,0.918370737869647,0,0,0
3728,-9.44659186264974,-2.84919157111568,0.845505179901795,0,0,0
3729,-9.44506788196845,-2.77686428416796,0.789155173772085,0,0,0
3730,-9.47128779350976,-2.69104037852906,0.813925397784748,0,0,0
3731,-9.52965590067012,-2.55961826908655,0.899745870313246,0,0,0
3732,-9.71183565408985,-2.42361890250247,0.863777297855159,0,0,0
3733,-9.86453573089434,-2.20784348794241,0.779889629280466,0,0,0
3734,-9.88395866833787,-1.99868512545406,0.815720508018857,0,0,0
3735,-9.85523771029256,-1.85582461703565,0.980232607138052,0,0,0
3736,-9.77995534396254,-1.74209533515777,1.20620609675953,0,0,0
3737,-9.72363169380871,-1.59463490784935,1.36872395036578,0,0,0
3738,-9.72620462538943,-1.32063170950279,1.29596808197804,0,0,0
3739,-9.73719673454931,-1.02315104507334,1.28916986199864,0,0,0
3740,-9.76265488939601,-0.886269771427065,1.38135499502419,0,0,0
3741,-9.77413449968936,-0.989175107156158,1.43812774024261,0,0,0
3742,-9.71173478187366,-1.28566452119915,1.48987143729673,0,0,0
3743,-9.65608454395505,-1.62102711848959,1.55145989068304,0,0,0
3744,-9.57341911007852,-1.87909623086506,1.63279759041228,0,0,0
3745,-9.49924973371649,-2.02907304367157,1.66885449161498,0,0,0
3746,-9.43862042675899,-2.10803647279692,1.52237739418698,0,0,0
3747,-9.28009910023728,-2.16021339843384,1.48157773209451,0,0,0
3748,-9.11790064119905,-2.15165053364063,1.51308075394384,0,0,0
3749,-9.09346283348562,-2.09756538918022,1.35509811091641,0,0,0
3750,-9.08634340659184,-2.00356640489237,1.29382035113086,0,0,0
3751,-9.12847366805006,-1.91984269008055,1.25075046917477,0,0,0
3752,-9.23381536148827,-1.81455458878216,1.09486662767308,0,0,0
3753,-9.20824673463445,-1.67030161410317,1.03409827460354,0,0,0
3754,-9.19651803172477,-1.54896251012375,1.07696985992005,0,0,0
3755,-9.284257943065,-1.48550153631983,1.06518799215413,0,0,0
3756,-9.36747487524701,-1.47481250728291,1.09252670183711,0,0,0
3757,-9.43497976933231,-1.48036970439956,1.01126896640677,0,0,0
3758,-9.41191632797445,-1.53732130141501,1.01789804657875,0,0,0
3759,-9.35310921721316,-1.64107334354141,1.13579897177189,0,0,0
3760,-9.29775195053714,-1.75262249022927,1.08364620289849,0,0,0
3761,-9.21479501779766,-1.85957288342386,1.03175783839816,0,0,0
3762,-9.16381980914185,-1.92988328277996,1.00930914756446,0,0,0
3763,-9.10620305163528,-1.98219154118298,1.03887995544806,0,0,0
3764,-9.11700494739533,-2.03633183215912,1.03875288798668,0,0,0
3765,-9.07412582742287,-2.05977600598622,0.945955820650853,0,0,0
3766,-8.95361013842233,-2.0334906560879,0.948778656223958,0,0,0
3767,-8.93601474965802,-2.04330193661509,0.934937828067291,0,0,0
3768,-8.92995447265602,-2.046274347666,0.837433938373187,0,0,0
3769,-8.85959761907101,-2.04931392480672,0.846616997686271,0,0,0
3770,-8.8502671811716,-2.09482548002232,0.88034561406906,0,0,0
3771,-8.89766017382295,-2.10317881036664,0.835118367474149,0,0,0
3772,-8.82612274318969,-2.05015179186973,0.77864606104718,0,0,0
3773,-8.82144384153126,-2.05010111434879,0.830686294283218,0,0,0
3774,-9.05492643241125,-2.06355352516732,0.833499161551862,0,0,0
3775,-9.33051341632085,-2.05943169417197,0.838002856850303,0,0,0
3776,-9.58109681352737,-2.02815160482128,0.802095271368353,0,0,0
3777,-9.79130908585037,-2.03192772437143,0.718383307710051,0,0,0
3778,-9.82348860690092,-2.0937664134578,0.687139508628012,0,0,0
3779,-9.75413744550016,-2.20969645908266,0.660017813083354,0,0,0
3780,-9.62683288580868,-2.2975489381258,0.653058400670024,0,0,0
3781,-9.54514229359344,-2.36686567774915,0.657306097345793,0,0,0
3782,-9.46060689446563,-2.39462374808428,0.60787984951064,0,0,0
3783,-9.31017049660669,-2.33834417029389,0.510697641755298,0,0,0
3784,-9.19871490007161,-2.25924094574826,0.51731491932528,0,0,0
3785,-9.26481008306576,-2.20634894591773,0.582897463749181,0,0,0
3786,-9.38202565668563,-2.19754220817988,0.610165236822953,0,0,0
3787,-9.34124050752744,-2.08374158916399,0.609920446448382,0,0,0
3788,-9.21467373137096,-1.98954233678268,0.643421715452228,0,0,0
3789,-9.27814852191734,-1.95686592555136,0.654818303711014,0,0,0
3790,-9.39828327789163,-1.94172813929192,0.600483596736635,0,0,0
3791,-9.44052114581239,-1.95647986431571,0.666218737330836,0,0,0
3792,-9.35501064341664,-1.97406334024174,0.749555239850006,0,0,0
3793,-9.20133782489491,-1.94436782274822,0.752064936376285,0,0,0
3794,-9.02240723055087,-1.88254003762236,0.828478962359931,0,0,0
3795,-9.03429768597717,-1.84873025909543,0.925569386711937,0,0,0
3796,-9.22578827030306,-1.84306539156572,0.819634051135078,0,0,0
3797,-9.28744570646332,-1.83131766565304,0.769685341034993,0,0,0
3798,-9.35221060088332,-1.83656939128581,0.876175429644205,0,0,0
3799,-9.53598549174749,-1.80026802595466,0.747231794799561,0,0,0
3800,-9.54989745998928,-1.73417221350948,0.627755197019181,0,0,0
3801,-9.50090641235827,-1.69676942658783,0.641234163197816,0,0,0
3802,-9.4737073303548,-1.71992917992866,0.690832971970236,0,0,0
3803,-9.45059736882826,-1.74955018978745,0.882923825388701,0,0,0
3804,-9.4985741667177,-1.71514736548114,0.975520389981217,0,0,0
3805,-9.57894123675227,-1.62615459071046,0.964186146946972,0,0,0
3806,-9.71371930323597,-1.53427440243571,1.01151180167208,0,0,0
3807,-9.79543111027591,-1.40317212891574,1.06308568453443,0,0,0
3808,-9.83694873355814,-1.32120337032835,1.06773498979801,0,0,0
3809,-9.81004060614727,-1.26016938911142,1.03641593834646,0,0,0
3810,-9.78562113659345,-1.27692848808559,1.09936960818765,0,0,0
3811,-9.80122598037357,-1.31300832592594,1.09470944834696,0,0,0
3812,-9.75617287504077,-1.30922257112985,1.07208969820551,0,0,0
3813,-9.68262057107479,-1.39818242790028,1.15796144980528,0,0,0
3814,-9.63795134598694,-1.49532930190397,1.10392539449114,0,0,0
3815,-9.61679096426736,-1.54042387901338,0.907463527967431,0,0,0
3816,-9.51717900212277,-1.55760238783027,0.738022608563706,0,0,0
3817,-9.41463282389219,-1.61079210740356,0.738107353887075,0,0,0
3818,-9.37217006980343,-1.69643061695069,0.636727395299945,0,0,0
3819,-9.31751557261918,-1.79944418378908,0.507483710082775,0,0,0
3820,-9.25548853351098,-1.83367211152688,0.55293981098881,0,0,0
3821,-9.31779036280483,-1.88664863830511,0.591433451073484,0,0,0
3822,-9.41255982478042,-1.8988615595412,0.67272180897059,0,0,0
3823,-9.37471180860792,-1.86567256137269,0.591352558788636,0,0,0
3824,-9.26423312256928,-1.82644558618662,0.577975038918453,0,0,0
3825,-9.32207996762403,-1.77667267756697,0.647687076587371,0,0,0
3826,-9.45316650688065,-1.75650238529153,0.600322683541965,0,0,0
3827,-9.34553495264964,-1.69497013379788,0.622963997365684,0,0,0
3828,-9.18232682235673,-1.61460909491707,0.767318343022512,0,0,0
3829,-9.17009499888304,-1.5315446844091,0.683654552101513,0,0,0
3830,-9.1967230778148,-1.43916777202389,0.545608108116853,0,0,0
3831,-9.16432994674445,-1.35435321100239,0.620029148137694,0,0,0
3832,-9.26750195200115,-1.35214877978722,0.652004476639262,0,0,0
3833,-9.39200940169197,-1.36643168284438,0.495875331511842,0,0,0
3834,-9.35436318631137,-1.41123612475269,0.471439713303875,0,0,0
3835,-9.24793951028347,-1.46739782565341,0.570612997259258,0,0,0
3836,-9.20439242631204,-1.52683771154487,0.663152555636929,0,0,0
3837,-9.28706465166339,-1.58637422459852,0.667691821851876,0,0,0
3838,-9.39963228511232,-1.56832930209846,0.568562885013951,0,0,0
3839,-9.45491653361784,-1.52286047594184,0.588685559409262,0,0,0
3840,-9.50352077694327,-1.46163387799268,0.658572193405297,0,0,0
3841,-9.54641091872087,-1.43358709332506,0.656504911787595,0,0,0
3842,-9.51915347705788,-1.42247161351976,0.704097590729048,0,0,0
3843,-9.53790018809297,-1.37037848065659,0.79901071725503,0,0,0
3844,-9.58548876448416,-1.35380938539125,0.744819055357067,0,0,0
3845,-9.61923747548802,-1.35773611158826,0.726777135141199,0,0,0
3846,-9.57691190707513,-1.36347357619658,0.72194914912873,0,0,0
3847,-9.57325357348254,-1.33925169065888,0.791744316522223,0,0,0
3848,-9.56442485127883,-1.30076833778116,0.753494064690638,0,0,0
3849,-9.42955741119571,-1.26002589227227,0.712802870992433,0,0,0
3850,-9.28799587276115,-1.24460988840472,0.782611840969815,0,0,0
3851,-9.33238940962618,-1.28886937436202,0.805274289605274,0,0,0
3852,-9.44176025532425,-1.32933994788656,0.724273996520515,0,0,0
3853,-9.35550759988491,-1.35077718396969,0.710784335567976,0,0,0
3854,-9.35137113423189,-1.34669789102447,0.864263780039717,0,0,0
3855,-9.53382136947818,-1.35485137691815,0.758240978794292,0,0,0
3856,-9.61113278465615,-1.3358539589771,0.640633766203448,0,0,0
3857,-9.49683912379277,-1.31786855067308,0.651638785574038,0,0,0
3858,-9.38179963164092,-1.31064999766066,0.730701122137021,0,0,0
3859,-9.37489817335754,-1.31068735888475,0.834687291867997,0,0,0
3860,-9.44446735863431,-1.29325320125282,0.828227771723567,0,0,0
3861,-9.42443912674642,-1.31205337908953,0.764705866784771,0,0,0
3862,-9.39087260306374,-1.27178469113137,0.782901654314117,0,0,0
3863,-9.52479477162577,-1.21789906875058,0.782933291253726,0,0,0
3864,-9.70526053536943,-1.22638416483624,0.782966143818495,0,0,0
3865,-9.81189496840333,-1.21152636898936,0.778311644259595,0,0,0
3866,-9.72856874859449,-1.21526067872957,0.723958082458131,0,0,0
3867,-9.5065493855937,-1.23618579704462,0.613451453486681,0,0,0
3868,-9.34764381362179,-1.31313160135451,0.602038530577561,0,0,0
3869,-9.29879278551647,-1.4175183717238,0.602020914255209,0,0,0
3870,-9.24240372655462,-1.53274127599917,0.629401858289,0,0,0
3871,-9.25244265595175,-1.62272105740641,0.667803856115793,0,0,0
3872,-9.30898039398557,-1.61281033912684,0.67008947031497,0,0,0
3873,-9.4277534590239,-1.4821871241659,0.670318202786726,0,0,0
3874,-9.65058110510042,-1.35698684035664,0.677204980449047,0,0,0
3875,-9.75869728466542,-1.25668152214435,0.498453770235435,0,0,0
3876,-9.59897302493543,-1.20487431980838,0.417176803480848,0,0,0
3877,-9.41665144114927,-1.21510387417557,0.550129149779635,0,0,0
3878,-9.43188323727627,-1.26457366149246,0.622369979257612,0,0,0
3879,-9.55048291935471,-1.2799897019115,0.550480174729398,0,0,0
3880,-9.5686579872578,-1.29346406912118,0.466746559813934,0,0,0
3881,-9.49605262806003,-1.32395247969638,0.543522250076946,0,0,0
3882,-9.60365813318255,-1.35357133423283,0.625030375156728,0,0,0
3883,-9.760724275631,-1.42091513746136,0.480465079400731,0,0,0
3884,-9.6800580204145,-1.52557734157998,0.426317176229106,0,0,0
3885,-9.51770679104155,-1.53061536900279,0.56172907850761,0,0,0
3886,-9.52703237424494,-1.51711289268348,0.690459673086989,0,0,0
3887,-9.62571546343636,-1.52179964717982,0.616190059970368,0,0,0
3888,-9.54143812452744,-1.46969270796894,0.536739159787644,0,0,0
3889,-9.35920656217012,-1.40924854148784,0.615892853308331,0,0,0
3890,-9.43865397547565,-1.41757131646583,0.681164192709355,0,0,0
3891,-9.45810128674404,-1.47571719882352,0.523042235556934,0,0,0
3892,-9.27463389255462,-1.50082610141392,0.532174189775565,0,0,0
3893,-9.19307260247004,-1.51325103471705,0.570625377171339,0,0,0
3894,-9.28947113209303,-1.53162830333334,0.478204078886857,0,0,0
3895,-9.29710006584288,-1.51632264867712,0.477903346264406,0,0,0
3896,-9.21310877448771,-1.43944186235789,0.53177850344435,0,0,0
3897,-9.22309065390682,-1.35574735294407,0.543181722209454,0,0,0
3898,-9.26863594559617,-1.2959970545147,0.36491393444231,0,0,0
3899,-9.1950323011228,-1.25456077225486,0.260829759810021,0,0,0
3900,-9.10499198729671,-1.24478837029348,0.260759460565984,0,0,0
3901,-9.10678066239711,-1.26029433296662,0.247322437420951,0,0,0
3902,-9.18982645131434,-1.29505084057197,0.206663648563595,0,0,0
3903,-9.2260784148914,-1.38378536732293,0.173194047942937,0,0,0
3904,-9.20446696038248,-1.44906671840687,0.101071896118158,0,0,0
3905,-9.16410582262797,-1.46136583464819,0.130225888417663,0,0,0
3906,-9.12387691189246,-1.455561287229,0.222697620951036,0,0,0
3907,-9.19331003857042,-1.42434987385526,0.28869251989179,0,0,0
3908,-9.32748844631052,-1.39352424204975,0.315561711076475,0,0,0
3909,-9.39595629584441,-1.33832711403203,0.193585699846479,0,0,0
3910,-9.38579701055766,-1.26185214363281,-0.00299805477852313,0,0,0
3911,-9.41282447683058,-1.26134672994375,-0.063961977193995,0,0,0
3912,-9.47344200914861,-1.29206215185551,-0.0210730778987065,0,0,0
3913,-9.54670207745037,-1.37650289684824,0.0038129855625544,0,0,0
3914,-9.56362536900642,-1.45963941638893,0.0535045632422174,0,0,0
3915,-9.52374861534459,-1.55702301341218,0.12133908858197,0,0,0
3916,-9.48443483724115,-1.60699905206096,0.182444508223516,0,0,0
3917,-9.42930751315752,-1.64118338038851,0.121656463728857,0,0,0
3918,-9.37491686549529,-1.66919823560424,0.0921918969193009,0,0,0
3919,-9.34168335645063,-1.66119797425653,0.168759109550781,0,0,0
3920,-9.39763999251253,-1.64170052641072,0.295642422614572,0,0,0
3921,-9.48999693709234,-1.65831293090269,0.248194939558141,0,0,0
3922,-9.50022111081357,-1.71873579388127,0.148889108858099,0,0,0
3923,-9.39176029900031,-1.70663323751413,0.135446293948259,0,0,0
3924,-9.33107554333793,-1.68273425272615,0.158062903587529,0,0,0
3925,-9.37081347140256,-1.63084379381538,0.0719180258645161,0,0,0
3926,-9.36916466088152,-1.59493673404235,0.103498623281636,0,0,0
3927,-9.32251849372982,-1.5553343831611,0.198285283468173,0,0,0
3928,-9.30796501305216,-1.53162365080366,0.236259115083102,0,0,0
3929,-9.38953380608798,-1.52382678946316,0.322034347025544,0,0,0
3930,-9.55070985305869,-1.56117409009835,0.383452747110607,0,0,0
3931,-9.7221142936258,-1.59714200201561,0.376539582718254,0,0,0
3932,-9.9267539883706,-1.47215290799826,0.473854386069299,0,0,0
3933,-10.060141384728,-1.45432781391685,0.552974231022955,0,0,0
3934,-10.1160223107272,-1.62429455907722,0.584812599835753,0,0,0
3935,-10.1568389977343,-1.73583567755522,0.578279307455623,0,0,0
3936,-10.217891940579,-1.84016916068502,0.61701959283097,0,0,0
3937,-10.2714096636642,-1.88891377633393,0.596683630418532,0,0,0
3938,-10.2486903887479,-1.88454978374048,0.544813173954028,0,0,0
3939,-10.1337159118015,-1.79268432591932,0.490047194595907,0,0,0
3940,-9.99404873510932,-1.61922424288216,0.462859528633729,0,0,0
3941,-9.87366597118847,-1.44428753778934,0.414776754702728,0,0,0
3942,-9.80111641116553,-1.25094899764248,0.336051872322137,0,0,0
3943,-9.79936404182048,-1.09148348160951,0.265768418355603,0,0,0
3944,-9.82375355913793,-0.976382050828427,0.211456260576043,0,0,0
3945,-9.82550553185008,-0.893539892585893,0.197624190714262,0,0,0
3946,-9.80757067858626,-0.871075818357567,0.114117875377544,0,0,0
3947,-9.74143754858589,-0.901119423618861,0.0487041901156706,0,0,0
3948,-9.72050693596095,-0.928267734667752,0.0668846512958709,0,0,0
3949,-9.75360469388329,-0.977299339157883,0.175370227106211,0,0,0
3950,-9.73029569190845,-1.06602418764253,0.281311984107721,0,0,0
3951,-9.64145558382421,-1.08494062963166,0.324475908510068,0,0,0
3952,-9.52875435937609,-1.07089295946062,0.360619689465591,0,0,0
3953,-9.46561085149059,-1.01943338993786,0.327030896393751,0,0,0
3954,-9.39812263329585,-0.942878909006224,0.233723184832785,0,0,0
3955,-9.25306392522469,-0.837147586035239,0.229093606776923,0,0,0
3956,-9.13845405818233,-0.713733215969554,0.264732863785961,0,0,0
3957,-9.09255244806019,-0.597149506319195,0.208307196025908,0,0,0
3958,-8.98625622486366,-0.51629524274064,0.22592870151792,0,0,0
3959,-8.92612889878983,-0.435875620070698,0.316436030518199,0,0,0
3960,-8.90447344528296,-0.396020362718819,0.377263975743764,0,0,0
3961,-8.91877784563459,-0.350890731030273,0.435948289119233,0,0,0
3962,-8.97317755757215,-0.306866031723524,0.393217809757169,0,0,0
3963,-8.96177657678677,-0.238302739923649,0.3768442193527,0,0,0
3964,-8.9261627830101,-0.161746034059734,0.431331002588817,0,0,0
3965,-8.9005238340843,-0.0882016076587504,0.458241903565295,0,0,0
3966,-8.91408622851845,-0.0354952671805782,0.44502941765018,0,0,0
3967,-8.95653754661926,0.0182450042411399,0.39031193648948,0,0,0
3968,-9.0441407962227,0.0246107671513281,0.336350866812563,0,0,0
3969,-9.18865366220303,0.0131393109330682,0.293353021981773,0,0,0
3970,-9.34568438320821,0.000536672841492703,0.29601946302062,0,0,0
3971,-9.54530004514231,0.0118736719686594,0.24596806609496,0,0,0
3972,-9.73771287533445,-0.0131212539278703,0.122384947064458,0,0,0
3973,-9.83696631241557,-0.0434091137750453,-0.0110631752399603,0,0,0
3974,-9.88396952930609,-0.0286181652802664,0.0253802749530281,0,0,0
3975,-9.98766711276147,-0.022355872358197,0.133950688606252,0,0,0
3976,-10.0855948435152,-0.00110431744964783,0.133702719234555,0,0,0
3977,-10.1438188148672,-0.0157617490011578,0.192576725871703,0,0,0
3978,-10.2207847855812,-0.0102035684604286,0.19252522830825,0,0,0
3979,-10.2750186496446,0.0225479414591923,0.181427070648232,0,0,0
3980,-10.2939874066764,0.067643456988197,0.163226283395682,0,0,0
3981,-10.2734076958584,0.124777491354244,0.176219243354133,0,0,0
3982,-10.16343735326,0.193206272996735,0.217017856855319,0,0,0
3983,-10.0612985016476,0.187552629309605,0.285003234565243,0,0,0
3984,-9.99338010632008,0.18210190988356,0.323456183474624,0,0,0
3985,-9.97538817356481,0.120101667720303,0.368198641121891,0,0,0
3986,-9.93619303634512,0.0677725163989211,0.356935459850499,0,0,0
3987,-9.86920268546973,0.0430423182076247,0.418478162008009,0,0,0
3988,-9.79568090775725,0.022721450566954,0.404320146278091,0,0,0
3989,-9.69563183679747,0.0218501960714929,0.413675069467734,0,0,0
3990,-9.60563019181936,0.056670912603792,0.474752457042882,0,0,0
3991,-9.51818258670408,0.061595397736217,0.483530325851578,0,0,0
3992,-9.40652848935102,0.104369384739329,0.465148911476176,0,0,0
3993,-9.26074652047244,0.153715891455183,0.446930777002537,0,0,0
3994,-9.13223967727478,0.178942268336137,0.485407143857145,0,0,0
3995,-9.07826618833,0.175628955388622,0.478502576700538,0,0,0
3996,-9.05988303862472,0.157420251925554,0.408494057911466,0,0,0
3997,-9.07160127899294,0.170874755721039,0.437752400597656,0,0,0
3998,-9.26310095056191,0.174226942604609,0.401835587969236,0,0,0
3999,-9.5188008910508,0.150191912701887,0.167527023980077,0,0,0
4000,-9.69228482932053,0.0710828756918423,0.02937292676897,0,0,0
4001,-9.65704572481271,-0.0880576271719148,-0.0445289670797173,0,0,0
4002,-9.54898853045954,-0.249917275810917,-0.121510680123847,0,0,0
4003,-9.44046617399527,-0.374794072268047,-0.261286794052934,0,0,0
4004,-9.45268607437712,-0.466930598371966,-0.281604769987551,0,0,0
4005,-9.60145327250499,-0.4689564910033,-0.324416477363056,0,0,0
4006,-9.66341665995773,-0.400447285870584,-0.380912505854454,0,0,0
4007,-9.67307931566247,-0.366719367788547,-0.240910757842403,0,0,0
4008,-9.59247964500388,-0.297891496475237,-0.130076662250998,0,0,0
4009,-9.42187590554433,-0.292221103068356,-0.338372943580334,0,0,0
4010,-9.12904621802666,-0.263020982392924,-0.575748769601576,0,0,0
4011,-8.84140620170966,-0.22086308884509,-0.415723793003013,0,0,0
4012,-8.64545972053843,-0.327280704494944,-0.228084825010728,0,0,0
4013,-8.55156847339511,-0.459804045811331,-0.368426423239264,0,0,0
4014,-8.49562870641528,-0.488595309765532,-0.559827246114001,0,0,0
4015,-8.52226642098081,-0.387153133676016,-0.59615217557257,0,0,0
4016,-8.64535928105953,-0.196809424120157,-0.492573902191411,0,0,0
4017,-8.85070477752275,0.0600806638120133,-0.407080066021952,0,0,0
4018,-8.99403517582363,0.317101663889151,-0.488275200587393,0,0,0
4019,-9.03584980430673,0.497145823650413,-0.590367343993125,0,0,0
4020,-9.00505348907575,0.537042148091858,-0.712491006769378,0,0,0
4021,-8.94408584273627,0.499536969887569,-0.8494829658795,0,0,0
4022,-8.93379504778909,0.359027453335196,-0.854345836997534,0,0,0
4023,-9.02951680099633,0.135559836924555,-0.637221190012008,0,0,0
4024,-9.17694405512123,-0.0960137243466932,-0.46070779265624,0,0,0
4025,-9.31123036817476,-0.271023367942856,-0.469271487052574,0,0,0
4026,-9.42856345870995,-0.376552252743891,-0.545677353757639,0,0,0
4027,-9.61785951590188,-0.437246235027411,-0.475860858758196,0,0,0
4028,-10.0379728437691,-0.561513460894204,0.211156563370155,0,0,0
4029,-10.9818640772542,-0.810515101254731,1.49943515430819,0,0,0
4030,-12.445641575258,-1.11608637136072,2.64808840294174,0,0,0
4031,-13.7890985113292,-1.30587020783262,2.82074124567364,0,0,0
4032,-14.4256056355522,-1.46237789864541,1.73072660918523,0,0,0
4033,-13.7940439543566,-1.28694691422674,0.252920227546256,0,0,0
4034,-11.9396772137066,-0.736464338048766,0.10232522044709,0,0,0
4035,-10.7839071380396,-0.0369713557262213,0.531907129372823,0,0,0
4036,-10.5645472658056,0.366770887764045,0.488611092345222,0,0,0
4037,-10.5062250800696,0.491122206860578,0.673449441811536,0,0,0
4038,-10.2236939493567,0.263092443882476,0.951020369751151,0,0,0
4039,-9.87323417729954,-0.203426876708611,1.11173925017464,0,0,0
4040,-9.50800577578122,-0.888347407412,1.36979933468292,0,0,0
4041,-9.43086164877425,-1.62740876787395,1.81321563083222,0,0,0
4042,-9.48536970688881,-2.3056730717276,2.06467615699557,0,0,0
4043,-9.34854679159124,-2.79998280434389,2.02229421465442,0,0,0
4044,-9.06393425644446,-2.97551013100351,1.89571696502834,0,0,0
4045,-8.76895303470653,-2.80711560551619,1.79370561094535,0,0,0
4046,-8.61719477453001,-2.27879146717244,1.70279411151961,0,0,0
4047,-8.70493918487993,-1.7515574025685,1.73833231334593,0,0,0
4048,-9.00629273370835,-1.38020869253649,1.8940735291974,0,0,0
4049,-9.45147781205635,-1.16597160477525,2.0863096371526,0,0,0
4050,-9.82655476017095,-1.02109064206596,2.12903251294909,0,0,0
4051,-10.0862171295672,-0.966814926360267,1.92832484832234,0,0,0
4052,-10.2894984632882,-1.05965386225323,1.62374791594147,0,0,0
4053,-10.4023354795253,-1.09425335978542,1.36374220036537,0,0,0
4054,-10.3645512674194,-1.14345285842261,1.24670684697371,0,0,0
4055,-10.1606209570758,-1.10235236870414,1.2236543500616,0,0,0
4056,-9.80736400624253,-1.08154818305879,1.26160139979579,0,0,0
4057,-9.45307268123641,-0.952414063018024,1.40813115513386,0,0,0
4058,-9.24855348459273,-0.865209279162198,1.53250578050964,0,0,0
4059,-9.22258627271754,-0.857489031332113,1.44617683586632,0,0,0
4060,-9.18261592474916,-0.819937388366225,1.45740310545714,0,0,0
4061,-9.0403923145408,-0.826671574286283,1.38278271327332,0,0,0
4062,-8.7908553188269,-0.854503572810738,1.36279761613467,0,0,0
4063,-8.55533231498076,-0.843630548114595,1.44120113974518,0,0,0
4064,-8.50846756078116,-0.922583715331781,1.33529248962915,0,0,0
4065,-8.52802901778184,-0.969522737786175,1.38278551741583,0,0,0
4066,-8.65746923044301,-1.07117279629647,1.53872582813682,0,0,0
4067,-8.85880817281894,-1.18720165518173,1.34681330806743,0,0,0
4068,-8.958430535314,-1.23399342783968,1.24577238279961,0,0,0
4069,-8.88738232771154,-1.20426014366375,1.26573324441053,0,0,0
4070,-8.8352741340089,-1.36937628332698,1.24771020314572,0,0,0
4071,-8.84101013440231,-1.2814222193078,1.24319891265394,0,0,0
4072,-8.7590876474599,-1.17693855509972,1.26345599383811,0,0,0
4073,-8.85085362792575,-1.30040273604557,1.09238092899778,0,0,0
4074,-8.69943893750302,-0.936841767770966,0.935763709835973,0,0,0
4075,-8.58166021905492,-1.3449100461291,0.595269178853451,0,0,0
4076,-8.50936643019501,-1.38932048328138,0.561100701735385,0,0,0
4077,-8.41600648239159,-1.42430622788701,0.669679942216128,0,0,0
4078,-8.42398639282945,-1.61509954204101,0.697087693002491,0,0,0
4079,-8.36656633469443,-1.71099472525853,0.861834648750013,0,0,0
4080,-8.46123914825403,-2.01093980997474,0.762647800512583,0,0,0
4081,-8.37672751641487,-2.02718303013927,0.460249660067545,0,0,0
4082,-8.14941619823535,-1.90341187446141,0.563571381866596,0,0,0
4083,-8.39855918737398,-1.96672802615744,0.676829529546489,0,0,0
4084,-8.72976341107986,-1.55883001810688,0.742209875395658,0,0,0
4085,-9.06974194208606,-1.44735553863777,0.306316731187761,0,0,0
4086,-9.12835815876102,-1.40278887356136,-0.190383157121875,0,0,0
4087,-9.10480190131387,-1.31997749727094,-0.0345490052235725,0,0,0
4088,-9.5086017531764,-1.34103513988702,0.41284124110354,0,0,0
4089,-10.0328778026554,-1.29702707534609,0.711177551815324,0,0,0
4090,-10.6053429579861,-1.41064634647671,0.585488721280214,0,0,0
4091,-11.2089799379088,-1.33817840780776,0.531414550499384,0,0,0
4092,-11.9828190942455,-1.50650270251438,1.21400414363975,0,0,0
4093,-12.8318834353097,-1.89844991468811,2.12283712662663,0,0,0
4094,-13.4000031122705,-2.34830619666079,2.453351427949,0,0,0
4095,-13.1647070824701,-2.3422102464553,2.0808085802136,0,0,0
4096,-12.1792555394121,-1.7642762083784,1.75665717925814,0,0,0
4097,-11.1713381543361,-0.805275263862305,1.76616225903529,0,0,0
4098,-10.4468004235314,-0.000774076736968498,1.67005844118195,0,0,0
4099,-9.73849434569318,0.529361685819305,1.5672913524521,0,0,0
4100,-8.9692659175821,0.768189472330043,1.76744254224239,0,0,0
4101,-8.39209182453829,0.913789159715518,2.04931990069097,0,0,0
4102,-8.1002145341794,1.12021215149018,1.98557075041397,0,0,0
4103,-8.03859418145559,1.37828860394413,1.64204733709147,0,0,0
4104,-8.08914003863617,1.59534653018272,1.42738118333535,0,0,0
4105,-8.25625543430888,1.755604614311,1.26244615055007,0,0,0
4106,-8.48848823962449,1.96973709414015,1.21898058308389,0,0,0
4107,-8.65877141642796,1.95079339647522,1.26241005589875,0,0,0
4108,-8.82999324373118,2.0748516499521,1.37757872117673,0,0,0
4109,-9.19565434346977,2.08513316041806,1.35061244586812,0,0,0
4110,-9.65560069957457,1.92379921893293,1.19054009286442,0,0,0
4111,-10.035816431507,1.49454023464018,1.14636659411164,0,0,0
4112,-10.3973503854417,0.933088334266325,1.21006210426884,0,0,0
4113,-10.4815823096724,0.629705498661385,1.22221338660766,0,0,0
4114,-10.3723282111457,0.249742920233138,0.985012078213667,0,0,0
4115,-10.3405594135453,0.128322653138756,0.890452431804016,0,0,0
4116,-10.2196592765877,0.0454834429556705,0.836254611577085,0,0,0
4117,-9.95444402217101,-0.026068719763354,0.820440665777157,0,0,0
4118,-9.74867492643069,-0.0813885133448475,0.707241763512233,0,0,0
4119,-9.51282489291958,-0.0839879040257286,0.61958151721002,0,0,0
4120,-9.35934120993776,-0.161786889166536,0.765887644179063,0,0,0
4121,-9.28073058671589,-0.0949320814714202,0.831647337290896,0,0,0
4122,-9.3701253323182,-0.053713632606325,0.77029677319907,0,0,0
4123,-9.38248975617796,0.025349261242771,0.77935123105335,0,0,0
4124,-9.21543419094379,0.139319209717568,0.788056723652821,0,0,0
4125,-8.97161543335752,0.272655610602525,0.796882938100182,0,0,0
4126,-8.78873337780074,0.397831617089564,0.776300774346821,0,0,0
4127,-8.72874216583081,0.503301712102596,0.762981974576078,0,0,0
4128,-8.76075214535203,0.617667655403517,0.785082137453166,0,0,0
4129,-8.8973280040062,0.707738309764704,0.805500283896816,0,0,0
4130,-9.04242168714019,0.768770368533459,0.783042278382541,0,0,0
4131,-9.17681025388664,0.840497843197535,0.740046229225357,0,0,0
4132,-9.25926507505838,0.936590801474494,0.611356717662349,0,0,0
4133,-9.27448589495184,1.01973855839774,0.500415604566036,0,0,0
4134,-9.23614760042645,1.08537135353497,0.42627009807543,0,0,0
4135,-9.2259441747561,1.10013224861053,0.443929941775646,0,0,0
4136,-9.22951734287472,1.0714575067914,0.353813430207031,0,0,0
4137,-9.20671918425975,1.02341410682706,0.233855492127003,0,0,0
4138,-9.15828144085778,0.950656422334037,0.0802212762178202,0,0,0
4139,-9.08458128945545,0.900772492631511,-0.091134894698357,0,0,0
4140,-8.98020638845441,0.863156551318207,-0.140852643293882,0,0,0
4141,-8.93285459381428,0.800711268929142,-0.143561506642054,0,0,0
4142,-8.99123297394972,0.685377569073124,-0.163435659888009,0,0,0
4143,-9.1053504573862,0.683585612252686,-0.221692062975496,0,0,0
4144,-9.18777642518555,0.738583752395844,-0.309974172296577,0,0,0
4145,-9.19887793846775,0.855510004264144,-0.353101405039561,0,0,0
4146,-9.22969900755335,0.929854845863015,-0.217743279525735,0,0,0
4147,-9.31326592304079,0.915012391840877,0.0374494943926915,0,0,0
4148,-9.37125021455233,0.877668764089408,0.290584475645575,0,0,0
4149,-9.55749542909105,0.797163302971761,0.265756503640988,0,0,0
4150,-9.75502745507157,0.792317520876684,-0.0522747929222774,0,0,0
4151,-9.92193915591712,0.941366038502695,-0.248817948567102,0,0,0
4152,-10.022455517728,1.15879637705936,-0.235431435508017,0,0,0
4153,-10.093772598765,1.20871771187336,0.0466898423849748,0,0,0
4154,-10.3391778550132,1.04826109475297,0.934930670596918,0,0,0
4155,-11.1671377152882,0.627117734055536,1.66092944119404,0,0,0
4156,-12.486932132797,0.0748284623875698,1.64404107690424,0,0,0
4157,-13.5633806341749,-0.390242169387676,1.34505412512838,0,0,0
4158,-13.7991651495643,-0.627335655181298,1.01307031169256,0,0,0
4159,-13.1237599335097,-0.687352616426785,0.418583263271065,0,0,0
4160,-11.9750080521029,-0.835607839638638,0.154014128002334,0,0,0
4161,-11.0605289130871,-1.04617313030663,0.413462568483835,0,0,0
4162,-10.4922246212111,-1.07161209035012,0.652423677924235,0,0,0
4163,-10.1727885381132,-1.01605097054171,0.760659651962029,0,0,0
4164,-9.98781837229243,-0.996254300421359,0.801362167177677,0,0,0
4165,-9.91476852137268,-1.0994440915928,1.06312920193485,0,0,0
4166,-9.972317349047,-1.31703969217031,1.68911891835629,0,0,0
4167,-10.0655032801175,-1.54731183026476,2.27006818381973,0,0,0
4168,-10.0621586388209,-1.77715841963317,2.56382977580267,0,0,0
4169,-9.80673575773985,-1.93613849517667,2.4600299288788,0,0,0
4170,-9.37376964469317,-1.938599452097,2.19539762730384,0,0,0
4171,-8.86896297934186,-1.82140986033641,1.94837268459338,0,0,0
4172,-8.46883171974054,-1.58474184900504,1.73564359009383,0,0,0
4173,-8.29025593614823,-1.29927482809829,1.48471008684473,0,0,0
4174,-8.33319887859553,-1.02208077644858,1.31495482845432,0,0,0
4175,-8.52573725856447,-0.839190589884987,1.21767359505813,0,0,0
4176,-8.81411968641501,-0.815906631586851,1.18424950293662,0,0,0
4177,-9.11729389950573,-0.907891837308403,1.25446896920625,0,0,0
4178,-9.4580732341081,-1.06700158715403,1.25457786518606,0,0,0
4179,-9.80973059831074,-1.33524774225475,1.1738847895528,0,0,0
4180,-10.0917665220033,-1.71467220322736,1.16337561722791,0,0,0
4181,-10.1564728467839,-2.03742494030026,1.25636396689663,0,0,0
4182,-9.96459591814566,-2.18893506800432,1.27220781637022,0,0,0
4183,-9.67872636808295,-2.14393236698303,1.24947982052644,0,0,0
4184,-9.45873356575104,-1.9703085169086,1.26476689106906,0,0,0
4185,-9.27815708829036,-1.74457248131431,1.3228419071113,0,0,0
4186,-9.13659899249479,-1.53726262732514,1.31829680654053,0,0,0
4187,-8.97967639553478,-1.35570121385724,1.34500609067365,0,0,0
4188,-8.86200296961557,-1.19046920253185,1.29318750461119,0,0,0
4189,-8.78961320181755,-1.08854263867961,1.22508217990243,0,0,0
4190,-8.75912714150152,-1.01928000149862,1.15723101810557,0,0,0
4191,-8.73175291213774,-0.959891459173574,1.08439564348537,0,0,0
4192,-8.67292901903518,-0.921889302131631,1.08921689525825,0,0,0
4193,-8.63222409244997,-0.901892354838,1.03967189993874,0,0,0
4194,-8.63701274778352,-0.908909810141811,1.01690490406256,0,0,0
4195,-8.67838498250376,-0.973020344202251,0.9878313737158,0,0,0
4196,-8.78961358002518,-1.07700197205065,0.94274877312692,0,0,0
4197,-8.91099136602541,-1.16131727824028,0.88371597042491,0,0,0
4198,-8.99383572591114,-1.19589066550274,0.843153488708412,0,0,0
4199,-9.02686788172705,-1.19461406243769,0.850334442718834,0,0,0
4200,-9.04936433277799,-1.18506194737733,0.843659668790713,0,0,0
4201,-9.06309507609732,-1.18270927713623,0.780330148876165,0,0,0
4202,-9.07484668081734,-1.17377374528273,0.662690099918106,0,0,0
4203,-9.07716895308336,-1.15552488104441,0.624372778702549,0,0,0
4204,-9.07008711323461,-1.17358782912252,0.590508724591451,0,0,0
4205,-9.10170865993983,-1.18223152091957,0.572373973682905,0,0,0
4206,-9.13431196716498,-1.24214357338907,0.511574449481015,0,0,0
4207,-9.15788347542271,-1.31589140905225,0.464238693218028,0,0,0
4208,-9.14556068316689,-1.37438744291134,0.322002740922584,0,0,0
4209,-9.07188759772254,-1.42435007220044,0.193558614536711,0,0,0
4210,-8.98053661611641,-1.5069343091411,0.17767913432973,0,0,0
4211,-8.93375990692511,-1.61113717689978,0.209379048256523,0,0,0
4212,-8.84831132389494,-1.74082311042515,0.358525982890724,0,0,0
4213,-8.77723418805561,-1.88014612351554,0.473331703790448,0,0,0
4214,-8.69352073113049,-1.97722390447652,0.270494116858956,0,0,0
4215,-8.64339999111856,-2.01862152062816,0.209426741574111,0,0,0
4216,-8.86733961779011,-1.99048014535044,0.259137591252657,0,0,0
4217,-9.31003284504593,-1.89251757874485,0.167113174285975,0,0,0
4218,-9.60170313922099,-1.70565827230366,0.149039467645312,0,0,0
4219,-9.57808494018997,-1.52214271993552,0.209615976198963,0,0,0
4220,-9.44409618568957,-1.40233676087022,0.169035250160904,0,0,0
4221,-9.4662187270713,-1.39463289755774,-0.0453279234126421,0,0,0
4222,-9.47257458497438,-1.46251281090144,-0.230841929975542,0,0,0
4223,-9.57031444108241,-1.59880184339236,-0.0412028239846907,0,0,0
4224,-9.87897564373567,-1.73750383745306,0.17616706068425,0,0,0
4225,-10.3693595160245,-1.7968685940723,0.443260909459482,0,0,0
4226,-11.1269881862774,-1.70688776586394,1.25214000816853,0,0,0
4227,-12.1329852097157,-1.40277724076293,1.62308111527511,0,0,0
4228,-12.683571244142,-1.08721484309712,0.288009227727046,0,0,0
4229,-12.3773718726998,-0.616919188813189,-0.973173946576266,0,0,0
4230,-11.5400919365771,-0.218975894140273,-0.637334634844756,0,0,0
4231,-10.7623270786993,-0.2712773787566,0.32867803281387,0,0,0
4232,-10.4279160637943,-0.477487944109689,0.979144442512861,0,0,0
4233,-10.2918536625602,-0.399122982273351,1.30194637475023,0,0,0
4234,-10.4173318290166,-0.160904630297624,1.35156022595402,0,0,0
4235,-10.6543702549375,0.119260500605547,1.35584073306336,0,0,0
4236,-10.6587178118126,0.528427426549144,1.56780888324309,0,0,0
4237,-10.3942893730608,0.885615724679352,1.78172127936594,0,0,0
4238,-9.91309902195805,1.10920047900926,2.07261389098867,0,0,0
4239,-9.40745540948796,1.20176752831311,2.40193029948769,0,0,0
4240,-9.08359339097782,1.26636296325411,2.41303361290917,0,0,0
4241,-8.96411708206834,1.28507604821965,2.01090895117837,0,0,0
4242,-8.96335571324406,1.237975631507,1.71273220758939,0,0,0
4243,-8.9552551130387,1.15463281702744,1.74669421164979,0,0,0
4244,-9.0278805926443,1.04337957770997,1.78299822284157,0,0,0
4245,-9.19414606452981,1.01253081465196,1.6318174271995,0,0,0
4246,-9.33347117808027,1.00167408346247,1.47843440190441,0,0,0
4247,-9.47273113795851,0.931449693966424,1.44895368962069,0,0,0
4248,-9.66110719032501,0.869379679039713,1.40171505076019,0,0,0
4249,-9.95317654590636,0.857029644089785,1.31873804309237,0,0,0
4250,-10.1545850548037,0.882579525251809,1.14926051230958,0,0,0
4251,-10.1254403579217,0.88425727171933,1.05428339987808,0,0,0
4252,-9.85397256029204,0.869194478153938,1.04311395494167,0,0,0
4253,-9.56971609111553,0.818893935447161,1.15561925225128,0,0,0
4254,-9.358348986527,0.716515400559382,1.17817352300216,0,0,0
4255,-9.20613426314038,0.674008199050356,1.13539647539192,0,0,0
4256,-9.0992909891676,0.622852492508041,1.09698426790516,0,0,0
4257,-9.02057548443469,0.612230920845998,1.05609707993369,0,0,0
4258,-8.90986082415224,0.61060495527762,1.07193113447827,0,0,0
4259,-8.8491418441476,0.620857698462277,1.06962125328052,0,0,0
4260,-8.83415257448932,0.633554047877308,1.03317267760015,0,0,0
4261,-8.82899668064933,0.643221175883801,1.05386998401173,0,0,0
4262,-8.84053100726255,0.656836841775481,1.11032736494871,0,0,0
4263,-8.85056133952742,0.683447365220028,1.05581214558821,0,0,0
4264,-8.83998588713401,0.7168779599564,0.98114047343882,0,0,0
4265,-8.82798712158367,0.724252173197216,0.94085450646434,0,0,0
4266,-8.85728186942118,0.724775285033157,0.897960623945613,0,0,0
4267,-8.89103976789422,0.709427679785326,0.866283334464391,0,0,0
4268,-8.93761808816296,0.676725237539601,0.807722511561895,0,0,0
4269,-9.01187021548865,0.646190966245168,0.696941980529115,0,0,0
4270,-9.0698868076146,0.613547038887832,0.575052413460737,0,0,0
4271,-9.12559868285343,0.587734611497197,0.518749108798925,0,0,0
4272,-9.16111067325324,0.582065194233485,0.41959474728938,0,0,0
4273,-9.21119892122938,0.603026560471365,0.317873570841968,0,0,0
4274,-9.25495001687591,0.650876887846701,0.200309335680316,0,0,0
4275,-9.24372961287129,0.634714678720475,0.0623525078110309,0,0,0
4276,-9.1123202088368,0.614933947663772,-0.077648454585601,0,0,0
4277,-8.93895934945397,0.648379653288454,-0.179338080945134,0,0,0
4278,-8.76938795607184,0.746574136140736,-0.175135475074253,0,0,0
4279,-8.62994740615085,0.789530123673972,-0.059892781774201,0,0,0
4280,-8.70285463363203,0.808254554502425,-0.00811105857043614,0,0,0
4281,-8.8801399749259,0.752619820292072,0.0643404833014653,0,0,0
4282,-9.08967621603523,0.60316875879155,0.0691562730533538,0,0,0
4283,-9.26074221044522,0.462392452710347,-0.0343773032226945,0,0,0
4284,-9.42793233151162,0.393955784168673,-0.0315467213027865,0,0,0
4285,-9.58417837632634,0.370797216337377,-0.0251272498840857,0,0,0
4286,-9.71713451444912,0.334204859867336,0.121613770376387,0,0,0
4287,-9.84016849662033,0.291450480309247,0.298103517653969,0,0,0
4288,-9.91366832793542,0.247741241427683,0.61233338372351,0,0,0
4289,-10.0928878518037,0.306675959762127,0.78629956739897,0,0,0
4290,-10.4885939266081,0.38292860901504,0.858851818184754,0,0,0
4291,-11.0241720680169,0.31739696299993,1.11233324775657,0,0,0
4292,-11.6564300510973,0.0549617148738166,1.43807555256214,0,0,0
4293,-12.2856007269977,-0.261395439478342,1.51533591092311,0,0,0
4294,-12.7199217390139,-0.404047325707449,1.22244946121805,0,0,0
4295,-12.9167669947424,-0.360144940834679,0.827187862851419,0,0,0
4296,-12.589968931227,-0.0821887448967563,0.431231269143322,0,0,0
4297,-11.5834636759541,0.16922283710478,0.502761263542141,0,0,0
4298,-10.6336244714502,0.0920985957563601,1.03278395678843,0,0,0
4299,-10.0671291321511,-0.316873062902857,1.37878771897476,0,0,0
4300,-9.57312890221582,-0.896188878681096,1.46254799625616,0,0,0
4301,-9.19937221960236,-1.43991875564014,1.46494633656885,0,0,0
4302,-9.00302142196302,-1.86805408493008,1.53302924896211,0,0,0
4303,-8.96454776366009,-2.14511073042132,1.63954730279242,0,0,0
4304,-8.95050250747193,-2.20882851683235,1.81106674396007,0,0,0
4305,-8.93011131928597,-2.16806247698178,1.89721631135339,0,0,0
4306,-8.95337895171645,-2.04486405783102,1.81079864196253,0,0,0
4307,-9.01507747519036,-1.82528123450792,1.65947177037586,0,0,0
4308,-9.05401207953671,-1.50757690612984,1.55752326637964,0,0,0
4309,-9.12021983065347,-1.1303332090914,1.54851295211035,0,0,0
4310,-9.26549124905311,-0.804355794117031,1.46685823366202,0,0,0
4311,-9.41028061042666,-0.644696271612479,1.34472606669432,0,0,0
4312,-9.51045077181701,-0.733060809694305,1.24089691106705,0,0,0
4313,-9.74498278450174,-1.00565192050562,1.16003486798817,0,0,0
4314,-10.0538708052042,-1.40260212302012,0.957488041560624,0,0,0
4315,-10.191559789834,-1.81626558098303,0.815634477577285,0,0,0
4316,-10.0724065000204,-2.06764724420648,0.736773172270627,0,0,0
4317,-9.81535687619186,-2.07875250261989,0.727483499688894,0,0,0
4318,-9.60556690996811,-1.94966228971135,0.84013504049421,0,0,0
4319,-9.54359035006686,-1.75766657560469,0.966273236968726,0,0,0
4320,-9.487352159896,-1.56462753239881,1.06579120775836,0,0,0
4321,-9.42351003272773,-1.34791189977267,1.17157455507505,0,0,0
4322,-9.3296057655822,-1.19942771646158,1.20946206207319,0,0,0
4323,-9.1930728248534,-1.10904605881968,1.14622657768831,0,0,0
4324,-9.08111097146197,-1.07052203207282,1.07825798686121,0,0,0
4325,-8.99983587059048,-1.08773780961319,1.04876486441261,0,0,0
4326,-8.94022558505512,-1.13343088387478,1.00143985217029,0,0,0
4327,-8.91577864278343,-1.21194153035921,0.995019602799087,0,0,0
4328,-8.87401890472132,-1.28227114914319,0.958929718972631,0,0,0
4329,-8.85053054951678,-1.36392614641641,0.933964743915277,0,0,0
4330,-8.84700034552535,-1.45407058568707,0.918152387171046,0,0,0
4331,-8.87273338812548,-1.49575219616833,0.866555156369032,0,0,0
4332,-8.90703731376193,-1.49105750367834,0.857346410291592,0,0,0
4333,-8.94820361299364,-1.45438551885731,0.825714710489552,0,0,0
4334,-9.0567178112633,-1.40945812154661,0.753657209532874,0,0,0
4335,-9.15907283938937,-1.36519173668471,0.685824797007897,0,0,0
4336,-9.1863191180107,-1.37629122025169,0.622422093091525,0,0,0
4337,-9.16319526570988,-1.39434596688813,0.509593772646757,0,0,0
4338,-9.15847953058708,-1.42380032993786,0.306157328922447,0,0,0
4339,-9.13524929294492,-1.434903816795,0.170832770357996,0,0,0
4340,-9.11184972077163,-1.37037616913748,0.0869875874472838,0,0,0
4341,-9.08343667825204,-1.32602515691099,0.048428746987113,0,0,0
4342,-8.96771054556632,-1.35692692389322,0.0281544356647597,0,0,0
4343,-8.75330371001806,-1.46773570549749,-0.000940710773813225,0,0,0
4344,-8.58537596172857,-1.64312094557518,-0.0729456544635865,0,0,0
4345,-8.59848183076272,-1.82978569284256,-0.14068907313813,0,0,0
4346,-8.70462518416572,-1.98353390528616,-0.138390185200042,0,0,0
4347,-8.85189034697295,-2.06189089089821,0.0449294883967898,0,0,0
4348,-9.10392831361445,-1.97728211997892,0.27302570256814,0,0,0
4349,-9.42687128106075,-1.79648502125069,0.264110202798391,0,0,0
4350,-9.64766676059543,-1.54799816420675,0.0492343765985922,0,0,0
4351,-9.8028584184292,-1.29363808759301,-0.00739783378986191,0,0,0
4352,-9.93936663132656,-1.09378273978235,-0.00535842599731954,0,0,0
4353,-9.93914585868315,-1.06385548333676,-0.142872330214543,0,0,0
4354,-9.85877203013244,-1.1779344558439,-0.14525692061436,0,0,0
4355,-9.81571501338355,-1.34756505582643,-0.0074287562182617,0,0,0
4356,-9.99194350596978,-1.4411627726593,0.334122949250611,0,0,0
4357,-10.6016774517824,-1.4298155096478,0.772486283399274,0,0,0
4358,-11.4243309406285,-1.43628991023097,0.617295141230627,0,0,0
4359,-11.8209202176457,-1.41779091519117,0.043959067685457,0,0,0
4360,-11.7471900682843,-1.36244413088807,-0.283641441522473,0,0,0
4361,-11.5845027097914,-1.28032047650206,-0.0242956812520549,0,0,0
4362,-11.4444936607165,-1.30325920127553,0.549409637452092,0,0,0
4363,-11.2599760341191,-1.28174976304425,0.922024287711226,0,0,0
4364,-11.1637341368615,-0.927710156607702,1.04835070362665,0,0,0
4365,-11.1638497325928,-0.400001276511346,1.23054031533882,0,0,0
4366,-11.1075848303767,0.103966925744675,1.36283849910043,0,0,0
4367,-10.8374937720611,0.562834143351314,1.36452405294503,0,0,0
4368,-10.3208154905348,0.936202221084104,1.33648820952514,0,0,0
4369,-9.73150849954674,1.18533579644747,1.49638083114152,0,0,0
4370,-9.13191233740411,1.32355667190156,1.84591355944652,0,0,0
4371,-8.65229166488491,1.36965937609116,2.06246347426452,0,0,0
4372,-8.4068327381284,1.36526414124695,2.05985628756468,0,0,0
4373,-8.351180239317,1.32709063048121,1.9156917888685,0,0,0
4374,-8.40210491209567,1.22614425579279,1.75057662292621,0,0,0
4375,-8.5466310795432,1.09357218703713,1.61294551510888,0,0,0
4376,-8.65387028527532,0.934130886172039,1.54571596506133,0,0,0
4377,-8.63919376871377,0.81397232383844,1.53867651623718,0,0,0
4378,-8.64539025309563,0.78948681119022,1.59074952125066,0,0,0
4379,-8.83607986068709,0.832460470529516,1.51480317829958,0,0,0
4380,-9.23020185059046,0.883005905947683,1.37901950886569,0,0,0
4381,-9.66563946449017,0.903770146219277,1.20989415638358,0,0,0
4382,-9.90396455710321,0.874154828068719,1.18759435251565,0,0,0
4383,-9.98542101036957,0.868410761763253,1.12648150310766,0,0,0
4384,-9.91706264187958,0.879427726031484,1.02743102617555,0,0,0
4385,-9.90699047990465,0.880408175974977,0.956831472605026,0,0,0
4386,-9.82335786793677,0.88612259759631,0.828127027968114,0,0,0
4387,-9.63980704265515,0.865652484931597,0.90736519118007,0,0,0
4388,-9.49753458224578,0.822338684251714,1.03812177596007,0,0,0
4389,-9.36627530074021,0.793216985293518,1.04484123564908,0,0,0
4390,-9.31605058207207,0.767862036728129,1.04944796689563,0,0,0
4391,-9.28863268136672,0.733504892556449,1.04485323884119,0,0,0
4392,-9.2743067703262,0.695198760251459,1.09466906806784,0,0,0
4393,-9.26099977290682,0.694745513712455,1.13296051975263,0,0,0
4394,-9.16661259818356,0.715718185459154,1.10351394254672,0,0,0
4395,-9.0758653767448,0.696499348807959,1.05839856781372,0,0,0
4396,-9.00384946814819,0.706599276103605,1.0267199137766,0,0,0
4397,-8.98196499318692,0.748994886835743,0.988264467210545,0,0,0
4398,-8.96474556930698,0.800446349706843,0.961095326241522,0,0,0
4399,-8.95676094549686,0.863240005798374,0.979091657595749,0,0,0
4400,-8.99822575179151,0.892770410240442,0.956309949532725,0,0,0
4401,-9.05915645283456,0.925760129863871,0.832286012255109,0,0,0
4402,-9.07808386187241,0.945794348203619,0.752938544783973,0,0,0
4403,-9.05898861325157,0.907702269991704,0.714763181899875,0,0,0
4404,-9.0660569480908,0.827530049843603,0.667712254627689,0,0,0
4405,-9.1026140675871,0.798025450030564,0.5701675955186,0,0,0
4406,-9.09906150584992,0.810695085419162,0.462415592301164,0,0,0
4407,-9.04888419456654,0.844822162503701,0.317217978287713,0,0,0
4408,-8.98088795916238,0.878339096034126,0.204595272665169,0,0,0
4409,-8.92239502263526,0.900083908605106,0.184302861448106,0,0,0
4410,-8.92756962067061,0.865260645369788,0.192797118001788,0,0,0
4411,-8.93737309809585,0.807427551322052,0.319635530321624,0,0,0
4412,-8.95364793876625,0.704289424639274,0.500538430244983,0,0,0
4413,-9.03105699535927,0.606514828489576,0.618139702497204,0,0,0
4414,-9.23680156018896,0.481481293392398,0.48947840526751,0,0,0
4415,-9.52103008342274,0.348980706752669,0.496584378277083,0,0,0
4416,-9.736611832191,0.273415120135136,0.69094927869587,0,0,0
4417,-9.90439398583776,0.197503124590976,0.842562467216175,0,0,0
4418,-10.1193911117911,0.104284569438972,0.899269136060469,0,0,0
4419,-10.1986323372103,-0.020461135472962,1.04174489447844,0,0,0
4420,-10.275329873801,-0.176946946590466,1.21803557571323,0,0,0
4421,-10.4265278652974,-0.329873332866481,1.12550575045142,0,0,0
4422,-10.520238840528,-0.375278119152934,1.04666216097567,0,0,0
4423,-10.5844093285952,-0.274770497470604,1.06495419337709,0,0,0
4424,-10.8566871948781,0.0571749760927925,0.99438171927634,0,0,0
4425,-11.2876689850148,0.530171518774389,0.928953667641966,0,0,0
4426,-11.6044228153614,0.865623878936438,1.07787262741793,0,0,0
4427,-11.5667863595434,0.914486252579689,1.24276713780626,0,0,0
4428,-11.1796026052267,0.637611991580046,1.63560522697167,0,0,0
4429,-10.6972524562117,0.119632273850254,2.02459660153624,0,0,0
4430,-10.3174120019065,-0.486678638559102,2.11994505290689,0,0,0
4431,-9.84972053360107,-1.13096343129364,2.04776142866291,0,0,0
4432,-9.27911425995759,-1.68179776791552,1.84018029360175,0,0,0
4433,-8.75097986694874,-2.10128996436723,1.55127429206601,0,0,0
4434,-8.36853031915667,-2.33011239090297,1.42017107559307,0,0,0
4435,-8.20501279203592,-2.40018926739774,1.3952927086507,0,0,0
4436,-8.30954054161984,-2.3672891284961,1.48331594681853,0,0,0
4437,-8.69720075250656,-2.2669422414619,1.50360290473146,0,0,0
4438,-9.12807627917272,-2.04981066836915,1.37088021623306,0,0,0
4439,-9.45627421583625,-1.73246308159319,1.29368169925473,0,0,0
4440,-9.67123844152996,-1.42343933437745,1.30695103010035,0,0,0
4441,-9.77530470956499,-1.25530183860163,1.39276262414996,0,0,0
4442,-9.83678916984664,-1.23203064455113,1.41526883723482,0,0,0
4443,-9.9950715210708,-1.28929614311694,1.31644062126335,0,0,0
4444,-10.2252909758114,-1.42042773643334,1.1472449549627,0,0,0
4445,-10.3073867558124,-1.64843168009192,1.020966595336,0,0,0
4446,-10.1392628744444,-1.85551874349196,0.817803920209579,0,0,0
4447,-9.80099099923878,-1.99130676792716,0.718346452857952,0,0,0
4448,-9.52300141509898,-2.0409421948645,0.68423956732163,0,0,0
4449,-9.43288240056458,-1.99917652926243,0.707009726181973,0,0,0
4450,-9.42351251023298,-1.90753043663627,0.708971818994764,0,0,0
4451,-9.41838476455228,-1.78365521143443,0.751941757261383,0,0,0
4452,-9.4342776522107,-1.66464331261745,0.771960153407067,0,0,0
4453,-9.42024990636807,-1.58206897150261,0.773928942227894,0,0,0
4454,-9.33056624882804,-1.52700837124714,0.816915946126155,0,0,0
4455,-9.21134898496161,-1.49732376660364,0.844004053941894,0,0,0
4456,-9.1353944219658,-1.46500066202902,0.818978626643533,0,0,0
4457,-9.08087260445599,-1.47693910350067,0.814534128596224,0,0,0
4458,-9.02390991289659,-1.51385647835348,0.834862729354302,0,0,0
4459,-8.98623330449645,-1.56092000435911,0.817203995102498,0,0,0
4460,-8.98877981990597,-1.57938248845329,0.785316854496878,0,0,0
4461,-9.03417148582887,-1.58573404151932,0.764834230785552,0,0,0
4462,-9.02719364854481,-1.59934991726889,0.778395540169639,0,0,0
4463,-8.96909302858004,-1.57565513103294,0.685633844763502,0,0,0
4464,-8.92650399668476,-1.52860917949133,0.532165162792921,0,0,0
4465,-8.88868833427804,-1.49316414482925,0.444017967771077,0,0,0
4466,-8.83422213127868,-1.48687290059339,0.383186793568285,0,0,0
4467,-8.75912051997088,-1.55595382477711,0.428188720146357,0,0,0
4468,-8.70768491280367,-1.68292469308312,0.486916193321429,0,0,0
4469,-8.72026577120563,-1.84176977196033,0.482866192476148,0,0,0
4470,-8.83551906461712,-1.97488845789119,0.422006871323066,0,0,0
4471,-8.96682709725297,-2.08971476842227,0.318225770155779,0,0,0
4472,-9.06745655771556,-2.16482097124833,0.273007948892171,0,0,0
4473,-9.12485394668326,-2.21983925729553,0.383968115327341,0,0,0
4474,-9.16159925899215,-2.19708670434871,0.519386101196551,0,0,0
4475,-9.28525093806677,-2.06900406758023,0.519428287755737,0,0,0
4476,-9.56833332141775,-1.8713091233791,0.575773721173887,0,0,0
4477,-9.99195344973645,-1.61043839495487,0.797213784426162,0,0,0
4478,-10.5148063360524,-1.35023697691491,1.05711581778532,0,0,0
4479,-11.0782568751244,-1.13262967450152,1.12924515092895,0,0,0
4480,-11.5598387632195,-1.05495507642954,0.822220254724068,0,0,0
4481,-11.8512651385484,-0.982158274808532,0.777453606680509,0,0,0
4482,-12.0371957597659,-0.751903364439273,1.31525462953522,0,0,0
4483,-12.1624781382633,-0.470023033652984,1.51557191675927,0,0,0
4484,-12.0048826232132,-0.294437382220056,0.984515296612842,0,0,0
4485,-11.3647743781174,-0.106385661907339,0.541305269753343,0,0,0
4486,-10.6720925413154,-0.110676817975462,0.663004638744984,0,0,0
4487,-10.30219339064,-0.183099003706191,1.07351118952659,0,0,0
4488,-10.0844246718215,-0.267859433693945,1.52075010276631,0,0,0
4489,-10.0032761783823,-0.271576581609861,1.6584730505465,0,0,0
4490,-9.96347652861932,-0.0924529208268613,1.53845578576491,0,0,0
4491,-9.87554405488454,0.203180093959032,1.40266334555579,0,0,0
4492,-9.67787074422715,0.537288864199947,1.45647712301106,0,0,0
4493,-9.36713002025703,0.810426573152651,1.60033697877454,0,0,0
4494,-8.95823897210092,1.06024765497211,1.7648653600672,0,0,0
4495,-8.52912722582729,1.27090350745572,1.77094057419522,0,0,0
4496,-8.21137063928689,1.45287389270554,1.61036734670649,0,0,0
4497,-8.01337887615283,1.61605423684184,1.36829898915534,0,0,0
4498,-7.93349449100076,1.72543325527349,1.24635789905227,0,0,0
4499,-8.01630518254933,1.76401626805303,1.22556573534401,0,0,0
4500,-8.1919482761424,1.74658713160332,1.28216561116899,0,0,0
4501,-8.47241662244129,1.71152820399834,1.25341107653919,0,0,0
4502,-8.80747463669719,1.62211821987361,1.11792725205768,0,0,0
4503,-9.06154739009711,1.48317895866488,0.94010490762872,0,0,0
4504,-9.21011958117935,1.32822090261859,0.960696013445762,0,0,0
4505,-9.32444731644278,1.17080425943412,1.02663035488136,0,0,0
4506,-9.51465738808544,1.0338221705541,0.949727357123423,0,0,0
4507,-9.65839137852213,0.915713207422313,0.808043355566552,0,0,0
4508,-9.69799615806995,0.807745848949705,0.737784181316262,0,0,0
4509,-9.64107861544273,0.761658851169376,0.742216346290749,0,0,0
4510,-9.5711013249044,0.769703630196459,0.744516057538022,0,0,0
4511,-9.49632918687781,0.860239034934826,0.76224597268676,0,0,0
4512,-9.30708573341193,1.02143599151109,0.77559600179886,0,0,0
4513,-9.12485030054131,1.15967127790881,0.793203681868552,0,0,0
4514,-9.01756474556856,1.19581136300372,0.727402421075489,0,0,0
4515,-8.90736701590284,1.12510207346534,0.745858165871871,0,0,0
4516,-8.82609361524382,0.975264884039236,0.885995599342291,0,0,0
4517,-8.81427979811852,0.822436776825461,1.04444297340862,0,0,0
4518,-8.93578697177246,0.753886955111048,1.10067750328465,0,0,0
4519,-9.22437226854592,0.740475776583881,1.03980605537036,0,0,0
4520,-9.50060567600912,0.75985441499497,1.0225723834004,0,0,0
4521,-9.6700390882306,0.750912016457706,1.09025981190293,0,0,0
4522,-9.78126901330417,0.642307500413658,1.15811086674297,0,0,0
4523,-9.82365732951874,0.485764470439072,1.22615895879429,0,0,0
4524,-9.88222908236191,0.34282342172913,1.25119456454714,0,0,0
4525,-9.9050500303178,0.219516922072863,1.28973690492797,0,0,0
4526,-9.91563010381848,0.190690214341234,1.26050898549206,0,0,0
4527,-9.89502017556008,0.195200241138956,1.29456051223137,0,0,0
4528,-9.85512651854747,0.212133356174435,1.30787588170565,0,0,0
4529,-9.87047161454529,0.171705477914079,1.32816060719656,0,0,0
4530,-9.93028543391497,0.1577495930073,1.29697818410701,0,0,0
4531,-9.97690758117713,0.216459734117776,1.21986799728136,0,0,0
4532,-9.96131375529062,0.350807939870012,1.29641011300069,0,0,0
4533,-9.9334572175424,0.547632922084773,1.43828070197643,0,0,0
4534,-9.91806656146607,0.718302635214271,1.54885435198201,0,0,0
4535,-9.93744825154854,0.790419341422839,1.48997186963831,0,0,0
4536,-9.93702002627353,0.793150766765176,1.39755829125694,0,0,0
4537,-9.79065302979217,0.653406579297574,1.43365144628746,0,0,0
4538,-9.52286818647003,0.419850357179892,1.52416080503948,0,0,0
4539,-9.21597633278779,0.129342140453427,1.54007633511375,0,0,0
4540,-8.93627578360305,-0.1744970733632,1.46549007701067,0,0,0
4541,-8.72993174963299,-0.489776683340057,1.31003848764207,0,0,0
4542,-8.5800427882772,-0.811031204783587,1.11388124596549,0,0,0
4543,-8.50949808933309,-1.12227488619964,0.996720364246805,0,0,0
4544,-8.50713833963036,-1.41464755385939,0.915625762347029,0,0,0
4545,-8.63909010465799,-1.59188278181976,0.839303259272027,0,0,0
4546,-8.88202996240048,-1.65347864035679,0.834821012093578,0,0,0
4547,-9.25867142707851,-1.61309252415927,0.857902629973949,0,0,0
4548,-9.71851501746782,-1.6440577950909,0.740603484726212,0,0,0
4549,-10.0932738972847,-1.85081116255569,0.603589405172102,0,0,0
4550,-10.3085676216299,-2.12239766665456,0.538041460674143,0,0,0
4551,-10.383201684139,-2.36814705742221,0.418745091038434,0,0,0
4552,-10.290519192097,-2.47456163226143,0.222591221780844,0,0,0
4553,-10.1239951699274,-2.36098237565623,0.109043712934766,0,0,0
4554,-9.98040092713766,-2.16070073902307,-0.00861420652915335,0,0,0
4555,-9.91094631354219,-1.96349100451271,-0.1554836610072,0,0,0
4556,-9.79073573490003,-1.87558644035931,-0.275458646851803,0,0,0
4557,-9.66427991493212,-1.92081796307365,-0.359353494691575,0,0,0
4558,-9.54885050476631,-1.95883174725204,-0.375297080494659,0,0,0
4559,-9.48703496441122,-1.9841750708679,-0.228212060952532,0,0,0
4560,-9.48057430041688,-1.98232562809317,-0.124421026468171,0,0,0
4561,-9.5080973441248,-1.91844630879591,-0.0677154102208469,0,0,0
4562,-9.49782490119572,-1.85794482642239,-0.0429424676413051,0,0,0
4563,-9.47172810676851,-1.82042731687093,-0.131278123446901,0,0,0
4564,-9.43349015758199,-1.8143017748548,-0.135827229374296,0,0,0
4565,-9.37224821451468,-1.81503654174323,-0.0385545800375542,0,0,0
4566,-9.2751185351835,-1.84163142368049,0.0561721684686451,0,0,0
4567,-9.16576143834857,-1.91317744989653,0.128449962246537,0,0,0
4568,-9.07961236661276,-2.00775402675598,0.216094027340027,0,0,0
4569,-9.00679371133009,-2.1409605099642,0.329503187737512,0,0,0
4570,-8.93041416884242,-2.26826630535427,0.494463905394139,0,0,0
4571,-8.92685815440389,-2.35851433411542,0.749776481901759,0,0,0
4572,-9.12520372924213,-2.38720594103028,1.00506172210527,0,0,0
4573,-9.54897266839104,-2.33904853396016,1.11418338269152,0,0,0
4574,-9.98536077264397,-2.1728991826826,0.967105650788914,0,0,0
4575,-10.2521437484287,-1.8401478777912,0.94895591068371,0,0,0
4576,-10.4417259223054,-1.37794140524293,0.971463204814977,0,0,0
4577,-10.6912932294095,-0.904526443484997,0.896303655841347,0,0,0
4578,-10.9160810184946,-0.680662352738584,0.812551248765709,0,0,0
4579,-11.152090646546,-0.70821282644916,1.27377375685705,0,0,0
4580,-11.6013654556135,-0.879769724395303,1.95379861577309,0,0,0
4581,-12.2350460194427,-0.988292808853809,2.20758058785151,0,0,0
4582,-12.5851628959851,-0.836634576084546,1.83470257163684,0,0,0
4583,-12.1369932017209,-0.460393409247715,0.883336494477883,0,0,0
4584,-11.056546812583,-0.0756279699269143,0.536453907835759,0,0,0
4585,-10.1900426972569,0.0156188112410637,0.804550557254357,0,0,0
4586,-9.65549640302079,-0.116661894889584,1.10040093537691,0,0,0
4587,-9.35947036467113,-0.326647073085039,1.30124902263139,0,0,0
4588,-9.30451016212441,-0.498041113508675,1.15468376300189,0,0,0
4589,-9.49188408945663,-0.577375389976459,0.94965115644784,0,0,0
4590,-9.71533566797855,-0.493877359491284,1.06441781280211,0,0,0
4591,-9.71801903048885,-0.300167141131987,1.27906503836561,0,0,0
4592,-9.47895535699376,-0.0413235076142478,1.35532582478326,0,0,0
4593,-9.1837903034405,0.266632884539273,1.25551994744477,0,0,0
4594,-8.9576998811934,0.635999073892941,1.17808872069757,0,0,0
4595,-8.84327848594296,0.999104785281366,1.16671618849092,0,0,0
4596,-8.79965367475027,1.29632317811732,1.03931505512807,0,0,0
4597,-8.77478769416124,1.48797102181483,0.870085644174792,0,0,0
4598,-8.66079863800867,1.54684765080339,0.646252634585693,0,0,0
4599,-8.56330915626419,1.532100603388,0.524337247052791,0,0,0
4600,-8.49866070160147,1.54634042990877,0.377182471622093,0,0,0
4601,-8.49460603788432,1.61438029824135,0.314157151456465,0,0,0
4602,-8.59809728904849,1.7123076983565,0.334255455428899,0,0,0
4603,-8.8134402623832,1.72840980940616,0.382487584026843,0,0,0
4604,-9.08407665619515,1.66658509003333,0.420646192336915,0,0,0
4605,-9.29649206399369,1.55539210543975,0.427681675432108,0,0,0
4606,-9.39814435704147,1.44034759387334,0.432485567722407,0,0,0
4607,-9.4096462411958,1.31461347060496,0.464247130837252,0,0,0
4608,-9.32339831156686,1.22691003239695,0.540688696280176,0,0,0
4609,-9.25006302293455,1.17887707554313,0.565728247439878,0,0,0
4610,-9.2138066040802,1.14189685566063,0.590395024011193,0,0,0
4611,-9.23085896461326,1.10660723303719,0.586119620610873,0,0,0
4612,-9.28338801381242,1.06116869799799,0.542615131017921,0,0,0
4613,-9.27919636068078,1.0310287326116,0.525250961658565,0,0,0
4614,-9.23448928396015,1.0275954526183,0.583754883596477,0,0,0
4615,-9.22518981800866,1.05967778559442,0.608944303442184,0,0,0
4616,-9.21553803367899,1.09214032753346,0.714574448538432,0,0,0
4617,-9.25187420239342,1.11527466766363,0.841150324511325,0,0,0
4618,-9.37089953597213,1.11087746481348,0.83013364352845,0,0,0
4619,-9.47236169297022,1.08516530584662,0.825519045105826,0,0,0
4620,-9.45050226576394,0.999526005988178,0.879897657283919,0,0,0
4621,-9.41194315619838,0.845999912714327,0.913914205866547,0,0,0
4622,-9.4095188643195,0.697604328868204,0.905036470664654,0,0,0
4623,-9.43550443825439,0.507179008194238,0.873732844646756,0,0,0
4624,-9.4658240881601,0.319283369132513,0.82445710362517,0,0,0
4625,-9.42903816756681,0.127476323209474,0.763559590664517,0,0,0
4626,-9.30838528608537,-0.056207519256642,0.777418955387901,0,0,0
4627,-9.19977448276858,-0.222207213968895,0.894968897658192,0,0,0
4628,-9.24531425247727,-0.356815143371787,1.15704004278244,0,0,0
4629,-9.41720298516168,-0.493896881713198,1.27681288200797,0,0,0
4630,-9.55335115325919,-0.570237764754095,1.3425789865422,0,0,0
4631,-9.64232717347616,-0.52630358071573,1.2001099787466,0,0,0
4632,-9.67303529294119,-0.271245100198723,1.05324337242528,0,0,0
4633,-9.73141969050327,0.0955313360790564,1.25145360847584,0,0,0
4634,-9.98233360003479,0.505662969472234,1.67334536029618,0,0,0
4635,-10.3093347133216,0.810248225264628,1.96262118437494,0,0,0
4636,-10.6012959524571,0.89171782676843,1.8837738111499,0,0,0
4637,-10.6921535840343,0.794440083549048,1.55635024292727,0,0,0
4638,-10.4790492775463,0.63215079784185,1.36469014720481,0,0,0
4639,-10.0514440725282,0.370616796427232,1.32600181195616,0,0,0
4640,-9.60001411652068,0.0688162469563908,1.28762756659126,0,0,0
4641,-9.29416332476047,-0.199743702353855,1.09760691707595,0,0,0
4642,-9.18153727885389,-0.409640368304895,0.876799657618364,0,0,0
4643,-9.25694603287912,-0.518982012913226,0.736646308726786,0,0,0
4644,-9.49344449844255,-0.521638910212961,0.696248371984821,0,0,0
4645,-9.77549660669174,-0.498890870902633,0.71683514622453,0,0,0
4646,-9.87776637710716,-0.552915304511566,0.773713684680065,0,0,0
4647,-9.74531036311737,-0.681363385635723,0.796155735536363,0,0,0
4648,-9.49507240155801,-0.83861966121595,0.739500182693492,0,0,0
4649,-9.27987071686035,-1.00799966413528,0.644870199958365,0,0,0
4650,-9.16941002268482,-1.1788754896202,0.567898273140049,0,0,0
4651,-9.13489313419359,-1.35695333162781,0.50030785882698,0,0,0
4652,-9.14554711044373,-1.52068997675192,0.496068786884017,0,0,0
4653,-9.22395853444653,-1.70164188749644,0.460080112783852,0,0,0
4654,-9.3373858666166,-1.92210166927903,0.408539852635834,0,0,0
4655,-9.4602147281417,-2.13134276355178,0.347863081443213,0,0,0
4656,-9.48592145088384,-2.36257165708742,0.280272749704543,0,0,0
4657,-9.4519496942105,-2.5206107256893,0.232891790180169,0,0,0
4658,-9.40557172156268,-2.58406642043255,0.174302349547631,0,0,0
4659,-9.37427792731767,-2.56427030546173,0.104244608382711,0,0,0
4660,-9.34646184177816,-2.48395370379812,0.0814578879816703,0,0,0
4661,-9.31867011378559,-2.35350347853858,0.0996595381906554,0,0,0
4662,-9.3461734002849,-2.22315250004775,0.038266764940875,0,0,0
4663,-9.34967994197235,-2.11465992712182,-0.122011407723516,0,0,0
4664,-9.26949000067377,-2.06208248593398,-0.230629440355805,0,0,0
4665,-9.20143240483239,-2.04684184120934,-0.293639406829538,0,0,0
4666,-9.16052756857763,-2.05408217430413,-0.28226884655662,0,0,0
4667,-9.15003512503691,-2.04817145207763,-0.174162230910377,0,0,0
4668,-9.14426236343491,-1.98311125538604,0.0313916486369253,0,0,0
4669,-9.24476724036301,-1.8982889780352,0.194081958344915,0,0,0
4670,-9.45057043417376,-1.84073278100945,0.302762116272824,0,0,0
4671,-9.75943515959255,-1.75331024651836,0.523924330291454,0,0,0
4672,-10.1080997095062,-1.68961058927456,0.754366322952197,0,0,0
4673,-10.3635137733288,-1.63353585119633,0.903734456124072,0,0,0
4674,-10.5501896843192,-1.56362235337251,0.917047236410312,0,0,0
4675,-10.6721104694815,-1.41089095012901,0.792743907969578,0,0,0
4676,-10.6899708927776,-1.27551394033438,0.596115463080956,0,0,0
4677,-10.5831163295315,-1.22373784729713,0.478253810958814,0,0,0
4678,-10.392663779164,-1.26245303454973,0.494171445542206,0,0,0
4679,-10.1955442791995,-1.30821678386444,0.519029931135381,0,0,0
4680,-10.0651130703068,-1.28328999587374,0.446642212489542,0,0,0
4681,-9.97943999533241,-1.13164900090131,0.45555443277742,0,0,0
4682,-9.91327524720787,-0.803020104748992,0.798270876611309,0,0,0
4683,-9.83311145971237,-0.46044113349137,1.02154757846041,0,0,0
4684,-9.76226406227504,-0.152106405462916,0.984650526246521,0,0,0
4685,-9.80602435408539,0.238315236819972,1.12025803112415,0,0,0
4686,-10.0308601761435,0.617373290712941,1.31659513467974,0,0,0
4687,-10.283494817202,0.859140263673419,1.35913129395845,0,0,0
4688,-10.4078256579756,0.890585849283205,1.35927614669906,0,0,0
4689,-10.3817762466181,0.713143424969661,1.37554495611646,0,0,0
4690,-10.2134560514933,0.485600434980518,1.37793409580793,0,0,0
4691,-9.87388653408648,0.392211319262269,1.36867784605181,0,0,0
4692,-9.47340095550899,0.437254050891795,1.31180348987786,0,0,0
4693,-9.24644074815519,0.505877074557117,1.13098945049934,0,0,0
4694,-9.19768953868858,0.552258705182347,0.977228736473314,0,0,0
4695,-9.26220006708864,0.529128259517644,0.830681381966323,0,0,0
4696,-9.3918147040757,0.46398167347679,0.661444355196482,0,0,0
4697,-9.48834444490374,0.438612716969736,0.629915629342299,0,0,0
4698,-9.54077128159605,0.486900312592125,0.600634018868658,0,0,0
4699,-9.54587738782928,0.644147074659763,0.417332808946448,0,0,0
4700,-9.54935862809579,0.862376740632758,0.304173986061209,0,0,0
4701,-9.59349255966261,1.06285212485644,0.412304519917261,0,0,0
4702,-9.7266030795216,1.21577687778122,0.46427374882928,0,0,0
4703,-9.89952252233817,1.32910481416362,0.313040362656354,0,0,0
4704,-9.92827354505964,1.31422121417993,0.13926235528635,0,0,0
4705,-9.72740254810667,1.17854080242422,0.114525967966611,0,0,0
4706,-9.48690351949614,1.00924440476251,0.199791391137157,0,0,0
4707,-9.31977763301433,0.865027645749552,0.265429379817567,0,0,0
4708,-9.19637234788087,0.789211916888766,0.279172922000986,0,0,0
4709,-9.12005413698827,0.821845303779177,0.315321165275505,0,0,0
4710,-9.04498365799938,0.894400190830043,0.326293480419627,0,0,0
4711,-9.02532722761469,0.957382433984406,0.358026516493816,0,0,0
4712,-9.03139792470591,1.013024682688,0.418662958871089,0,0,0
4713,-9.0419530792218,1.00475018181205,0.461881256467161,0,0,0
4714,-9.03062194350455,0.974914443098674,0.493332521849432,0,0,0
4715,-9.0022415811538,0.930044278754614,0.529787979928507,0,0,0
4716,-8.97150362997563,0.928699067889514,0.583588985036883,0,0,0
4717,-8.99115949201461,0.950181617283763,0.633749568193962,0,0,0
4718,-9.04824519615857,0.954986333508884,0.662854784518939,0,0,0
4719,-9.15394005807735,0.920434046232943,0.766759942472456,0,0,0
4720,-9.26932041949664,0.828239544036715,0.816815909724765,0,0,0
4721,-9.34387166612671,0.699093492759584,0.796676017034643,0,0,0
4722,-9.34544014582573,0.594754017406785,0.780497210167657,0,0,0
4723,-9.34596535626422,0.539355459724393,0.769648608171608,0,0,0
4724,-9.34400236109173,0.543595777085159,0.79664943481936,0,0,0
4725,-9.40754265919915,0.564773800701056,0.880236325187361,0,0,0
4726,-9.50718475271583,0.613944249042016,0.927872379046858,0,0,0
4727,-9.58638409921995,0.656091421237788,0.925813722930031,0,0,0
4728,-9.71135532028383,0.714330327477665,0.923576202380574,0,0,0
4729,-9.7621679777673,0.736831687241081,0.945787416447765,0,0,0
4730,-9.76399111778466,0.755490832486116,1.0748911724027,0,0,0
4731,-9.77963932171192,0.803869527022615,1.22108188718764,0,0,0
4732,-9.8670133419559,0.833285203920775,1.18770917291731,0,0,0
4733,-10.0220996534863,0.681017101589705,1.07514220906723,0,0,0
4734,-10.0499364968188,0.5641611979536,1.09767907407343,0,0,0
4735,-9.99662860171631,0.482408156761262,1.24011637947269,0,0,0
4736,-9.85921406939389,0.468477067539599,1.48161091509234,0,0,0
4737,-9.81157610578144,0.728482812977445,1.46549213442026,0,0,0
4738,-9.93722940788795,1.10134546820754,1.56003819611456,0,0,0
4739,-10.1612596629699,1.39210385823847,1.78102647838046,0,0,0
4740,-10.363816813955,1.38894291691223,1.88976643935416,0,0,0
4741,-10.5474699323032,1.18081611194882,1.71168346614209,0,0,0
4742,-10.6875069929589,0.94756217939422,1.6105804955034,0,0,0
4743,-10.6716778125086,0.794256547458006,1.59934508384282,0,0,0
4744,-10.6048096156157,0.716942819633859,1.58818564432541,0,0,0
4745,-10.5056100559198,0.692445874086828,1.59698912255401,0,0,0
4746,-10.3544205414876,0.671901226736601,1.32117363964257,0,0,0
4747,-10.1568840765728,0.628996553631269,0.95764983150702,0,0,0
4748,-9.86196631260781,0.520933109817239,0.634497166130904,0,0,0
4749,-9.52206216025271,0.418854953541452,0.336151905747906,0,0,0
4750,-9.19376538827222,0.398831850465168,0.0675722189183146,0,0,0
4751,-8.91293967657882,0.482297507911075,-0.0974817006704885,0,0,0
4752,-8.66381779030658,0.495333218309611,-0.177196486275348,0,0,0
4753,-8.4625916714112,0.364574626486279,-0.244656645809548,0,0,0
4754,-8.33692942360575,0.110489763485676,-0.179068085174389,0,0,0
4755,-8.33999776183292,-0.260527872899168,-0.0363807736722744,0,0,0
4756,-8.45645463304673,-0.755968668735668,0.113096597026296,0,0,0
4757,-8.58711502977725,-1.30669841799754,0.159038721892751,0,0,0
4758,-8.72352889123085,-1.8631897426572,0.0540541819071459,0,0,0
4759,-8.85600457440246,-2.39491931566265,-0.0927766165184474,0,0,0
4760,-9.03560710242542,-2.85496536479372,-0.189285578313349,0,0,0
4761,-9.27041835786864,-3.23524756701559,-0.294779918243703,0,0,0
4762,-9.49404511110648,-3.48323702872171,-0.423105544296431,0,0,0
4763,-9.67531137150357,-3.56101693273507,-0.603587933908182,0,0,0
4764,-9.74235894085944,-3.44043641068817,-0.763932890873874,0,0,0
4765,-9.70842068905577,-3.13016956258468,-0.829491563335094,0,0,0
4766,-9.64126029173557,-2.73866414419453,-0.751294297521289,0,0,0
4767,-9.61278884267675,-2.37000807831978,-0.500614910303204,0,0,0
4768,-9.71116875624519,-2.03387790258366,-0.444638323175796,0,0,0
4769,-9.81361533491775,-1.74512992452014,-0.513024677129725,0,0,0
4770,-9.78844447563379,-1.44813020779979,-0.632769966757301,0,0,0
4771,-9.62650902484445,-1.16782625487042,-0.701128729635871,0,0,0
4772,-9.47333305687841,-1.00832177378838,-0.665165842964553,0,0,0
4773,-9.40700309542777,-0.949136088657771,-0.4395130823384,0,0,0
4774,-9.53221667184801,-0.991887129835373,-0.0686869016236529,0,0,0
4775,-9.91913812100825,-1.19944750052783,0.220888463625531,0,0,0
4776,-10.1703482539906,-1.42706610315639,0.381656523816035,0,0,0
4777,-10.1255692351134,-1.54466171003606,0.35464925018921,0,0,0
4778,-9.9273191990666,-1.53890711607727,0.187280402003046,0,0,0
4779,-9.72608896873076,-1.44569939087631,0.177916166571913,0,0,0
4780,-9.71321622399698,-1.26388671770182,0.410443412824832,0,0,0
4781,-9.89630238687752,-0.994128752909738,0.922877191187935,0,0,0
4782,-10.2271850549289,-0.647739399875393,1.39467419071536,0,0,0
4783,-10.6193288187866,-0.218281437092915,1.32691144162395,0,0,0
4784,-10.818916177624,0.163389901558772,0.79371085400792,0,0,0
4785,-10.4977787335804,0.360290137198314,0.420333903853408,0,0,0
4786,-9.73202190765421,0.328311103447759,0.460899101669219,0,0,0
4787,-8.98828040216365,-0.0455724548284734,0.668783722962753,0,0,0
4788,-8.50690049738595,-0.566601236761451,0.73422842410236,0,0,0
4789,-8.30317694827649,-1.01247202246893,0.628511764730307,0,0,0
4790,-8.2733382051505,-1.19969746733165,0.42522736619784,0,0,0
4791,-8.24956417274846,-1.164429369277,0.192250871237634,0,0,0
4792,-8.3734334674145,-0.963402323691209,-0.0445467019725607,0,0,0
4793,-8.70794735622949,-0.661529736666965,-0.105821341576928,0,0,0
4794,-9.16029208029239,-0.285329396234433,0.0998021978364925,0,0,0
4795,-9.7367070702606,0.0357285323290277,0.494899594114338,0,0,0
4796,-10.2829664689141,0.332133066119551,0.535504822932153,0,0,0
4797,-10.5684057796628,0.584668282502769,0.330088628772628,0,0,0
4798,-10.6468642829545,0.817353929484458,0.0880322277652958,0,0,0
4799,-10.5738878042165,1.06382451015826,-0.0883506730175696,0,0,0
4800,-10.3905364224548,1.2694216049962,-0.0143528068092611,0,0,0
4801,-10.2337829709676,1.35705452418907,0.105347706540445,0,0,0
4802,-10.183560698784,1.32029030499915,0.0850263498185129,0,0,0
4803,-10.1453027822135,1.18256698670119,-0.124996462383552,0,0,0
4804,-10.0860413860568,1.03832603276776,-0.312149246964379,0,0,0
4805,-9.94649018986584,0.88951423666267,-0.2874336102056,0,0,0
4806,-9.76072562006143,0.702111980096214,-0.0636616926420744,0,0,0
4807,-9.63188013561425,0.549388839460961,0.128490739886812,0,0,0
4808,-9.58061815647945,0.419955975147687,0.198416720497708,0,0,0
4809,-9.60354472014582,0.305710388871699,0.173709428551586,0,0,0
4810,-9.59297863215856,0.186020250151266,0.164602100863279,0,0,0
4811,-9.48025992552644,0.0858133931589346,0.201061432391498,0,0,0
4812,-9.37691703005843,0.083727406424901,0.216611443417344,0,0,0
4813,-9.35079640101941,0.130356710674629,0.178051821008084,0,0,0
4814,-9.39235228566118,0.178073994022417,0.153087453690481,0,0,0
4815,-9.4445753484086,0.199132265299867,0.175685535430984,0,0,0
4816,-9.46489013098977,0.247356260875857,0.257343310697008,0,0,0
4817,-9.43082926446916,0.368109505550609,0.333983370407275,0,0,0
4818,-9.39314767927973,0.524545514646138,0.256806763975037,0,0,0
4819,-9.3435405825627,0.654013990706532,0.170713146364946,0,0,0
4820,-9.27970845135616,0.674177237230737,0.175650240491523,0,0,0
4821,-9.31272743524555,0.597848026183064,0.218472848236856,0,0,0
4822,-9.36449807318684,0.475350998103621,0.304656847604151,0,0,0
4823,-9.4581671467208,0.295093371948635,0.384154267089585,0,0,0
4824,-9.6074895583648,0.112048617097024,0.370317717002083,0,0,0
4825,-9.75571764515326,-0.0380121750135063,0.370769428537843,0,0,0
4826,-9.88260914809092,-0.155381278901639,0.468000958794863,0,0,0
4827,-10.0179684588016,-0.283524897829961,0.61738974839404,0,0,0
4828,-10.1731030024076,-0.440491794343198,0.692289360846124,0,0,0
4829,-10.2417669977188,-0.536267951448976,0.554471553783796,0,0,0
4830,-10.1461672252786,-0.454564700194455,0.294488324269858,0,0,0
4831,-9.91368553471322,-0.197621727336608,0.142638511298587,0,0,0
4832,-9.72958756971757,0.125232156190397,0.232515062003442,0,0,0
4833,-9.67969658460799,0.394285628010835,0.306824826147587,0,0,0
4834,-9.75994094654212,0.602240394313193,0.277198395833575,0,0,0
4835,-9.86361470002809,0.752561334470235,0.209446562062958,0,0,0
4836,-9.84906398269132,0.853883696828963,0.200488101373246,0,0,0
4837,-9.72581305815811,0.910427317917233,0.286268235311505,0,0,0
4838,-9.49715549661754,0.813859307052931,0.367237766930805,0,0,0
4839,-9.32220475668002,0.604315512844842,0.439715680404378,0,0,0
4840,-9.20249423929309,0.31460246856116,0.462530572159809,0,0,0
4841,-9.16654239955304,0.0191116155112435,0.498765812259885,0,0,0
4842,-9.16941398095218,-0.207703684136995,0.510398816065376,0,0,0
4843,-9.17205795359759,-0.349724493920286,0.569082070708271,0,0,0
4844,-9.19602371025355,-0.403339409664969,0.621102477749756,0,0,0
4845,-9.24845154891141,-0.345966230084307,0.677733304108399,0,0,0
4846,-9.29272209800708,-0.223350068426616,0.741160923408142,0,0,0
4847,-9.31724631688123,-0.103850999351454,0.781704110439814,0,0,0
4848,-9.27761799809346,-0.0711920065299483,0.810811967090972,0,0,0
4849,-9.2587149586196,-0.11177645341124,0.815455979474226,0,0,0
4850,-9.32960670984648,-0.189292749531859,0.8088100324588,0,0,0
4851,-9.4611488770637,-0.26785856631945,0.784233185900735,0,0,0
4852,-9.61791796551731,-0.36012120722418,0.804570516242935,0,0,0
4853,-9.75569893121905,-0.458634839196164,0.78689098382501,0,0,0
4854,-9.86105248179355,-0.547589973695324,0.78215386468959,0,0,0
4855,-9.8836868493546,-0.657030500991516,0.818615159153952,0,0,0
4856,-9.89109604540191,-0.71932033912189,0.850594952838089,0,0,0
4857,-9.8951774613617,-0.794139866010402,0.80286272610839,0,0,0
4858,-9.89634675164626,-0.845568137955079,0.739774466829792,0,0,0
4859,-9.85921954332343,-0.893084158338241,0.638260978792619,0,0,0
4860,-9.79861713895893,-0.923988057958147,0.583662310689116,0,0,0
4861,-9.74353733610407,-0.955935887059387,0.540939599907412,0,0,0
4862,-9.69376799750443,-0.974826437292374,0.455004258528739,0,0,0
4863,-9.64056464716197,-1.02458597929561,0.279046248204175,0,0,0
4864,-9.57429979506643,-1.07273572986158,0.150314831440722,0,0,0
4865,-9.52660596397412,-1.07542962348775,0.0148685271581938,0,0,0
4866,-9.4786734562257,-1.0824966494057,-0.0640118014368445,0,0,0
4867,-9.45184521370363,-1.08087275738833,-0.0641283756912711,0,0,0
4868,-9.50286918102927,-1.12033015910491,-0.0526625524290842,0,0,0
4869,-9.62116737153742,-1.23363217843183,-0.0301683575289058,0,0,0
4870,-9.73146224165553,-1.38470771644584,-0.0186411204200546,0,0,0
4871,-9.79500835831709,-1.49832263934966,-0.0139606197483619,0,0,0
4872,-9.82024269392418,-1.58521517933671,-0.0113987479345979,0,0,0
4873,-9.84956794076719,-1.63492711598053,-0.013972649784396,0,0,0
4874,-9.84927290910084,-1.64382854171769,0.0697008768570748,0,0,0
4875,-9.84764540766103,-1.58286389764381,0.137585701244332,0,0,0
4876,-9.82183805525261,-1.5296617893275,0.0989224278268415,0,0,0
4877,-9.76256276719333,-1.42712369515894,0.00617213841746875,0,0,0
4878,-9.70529944246917,-1.31752174032691,-0.00734031411007146,0,0,0
4879,-9.66374765078393,-1.18936034820941,0.0312788116210376,0,0,0
4880,-9.61237076342254,-1.07411860750138,0.0962327243679658,0,0,0
4881,-9.51663107931631,-0.987859319363785,0.132311068010069,0,0,0
4882,-9.43575590075811,-0.955234039703152,0.0984408243685219,0,0,0
4883,-9.35947895873032,-0.95455838685348,0.0552828266222182,0,0,0
4884,-9.279972217375,-0.989554272831954,0.0371986797204317,0,0,0
4885,-9.2408343290283,-1.03966896212607,0.0575532011290131,0,0,0
4886,-9.263329536839,-1.05752365114985,0.104920338100944,0,0,0
4887,-9.27199553598311,-1.04338155731175,0.150372894706457,0,0,0
4888,-9.22999251529204,-1.03118530973517,0.192954443776216,0,0,0
4889,-9.16965543891074,-1.00986907292378,0.186019108435482,0,0,0
4890,-9.16030246361959,-1.0165468128551,0.156755323917313,0,0,0
4891,-9.16213003626762,-1.04351173232706,0.174853863172793,0,0,0
4892,-9.13944466668304,-1.06198950026664,0.116038736668154,0,0,0
4893,-9.11611770644358,-1.08216474312404,0.057515547223015,0,0,0
4894,-9.12355542196192,-1.07578828877566,-0.0105342833304926,0,0,0
4895,-9.13692899015916,-1.05943912561678,-0.0306760694716995,0,0,0
4896,-9.14976155164453,-1.07914067768613,0.0192359169484715,0,0,0
4897,-9.15165655016377,-1.10159918169679,0.0282953891051079,0,0,0
4898,-9.19995104647402,-1.15431587408489,-0.0414379808857104,0,0,0
4899,-9.19770018522282,-1.21595575677897,-0.0644444324589497,0,0,0
4900,-9.14199606129975,-1.28612738742367,-0.111642678437839,0,0,0
4901,-9.08192028707991,-1.34736761876097,-0.170146009389769,0,0,0
4902,-9.04674398773653,-1.43113802977407,-0.149753020487772,0,0,0
4903,-9.0710953802389,-1.5101866187866,-0.125196570280276,0,0,0
4904,-9.16424087389236,-1.58021222666671,-0.145193010731794,0,0,0
4905,-9.20218811549308,-1.61572394927706,-0.165554158224764,0,0,0
4906,-9.17935328006227,-1.64549644705204,-0.172410434439309,0,0,0
4907,-9.13635353425298,-1.65288566646475,-0.224378385489496,0,0,0
4908,-9.08892678609032,-1.64216723950407,-0.287564247005278,0,0,0
4909,-9.03698891488409,-1.63383033779489,-0.294286179446548,0,0,0
4910,-9.01714373500754,-1.62090561246138,-0.242463188055864,0,0,0
4911,-9.07330240882731,-1.62206611457246,-0.231034579884782,0,0,0
4912,-9.14756519931323,-1.62980686745207,-0.269372645447842,0,0,0
4913,-9.22651214801261,-1.66731926239715,-0.240210230614628,0,0,0
4914,-9.35610300175346,-1.70747961383599,-0.133636910465931,0,0,0
4915,-9.56275032875107,-1.74669265035268,-0.0836720998884286,0,0,0
4916,-9.74395772979804,-1.85870213932632,-0.13105627619461,0,0,0
4917,-9.9392488684752,-1.94830135090485,0.103867007879541,0,0,0
4918,-10.3516295109121,-1.96201282946903,0.63511424545425,0,0,0
4919,-11.0818011415141,-1.86967832092475,1.09625035736242,0,0,0
4920,-11.7807019815466,-1.71634377746765,1.1373978449411,0,0,0
4921,-12.0166989561762,-1.46924729348367,0.696870517365795,0,0,0
4922,-11.7236436421464,-1.19966421646144,0.0727326600324856,0,0,0
4923,-11.0828487374488,-0.903563629216891,-0.34790955052528,0,0,0
4924,-10.5158190492274,-0.713054578159709,-0.402890048983609,0,0,0
4925,-10.2734362385357,-0.757141234895157,-0.355379643061821,0,0,0
4926,-10.2627934658775,-0.872223325913905,-0.285345573114786,0,0,0
4927,-10.4076837349034,-0.989217472107928,-0.260377396904832,0,0,0
4928,-10.7374453422923,-1.05070500985507,-0.099345572862771,0,0,0
4929,-11.1804755519137,-1.02164661734707,0.151425412932102,0,0,0
4930,-11.5114817533516,-0.922088184042083,0.386430826649469,0,0,0
4931,-11.5744401665828,-0.667326072014466,0.652712544179678,0,0,0
4932,-11.390164068288,-0.358025537399962,0.80584315666358,0,0,0
4933,-11.0533347196807,-0.125176036984695,0.934205584852156,0,0,0
4934,-10.6284381437031,0.0697581471518865,1.18432053561578,0,0,0
4935,-10.1826695303349,0.242066337949914,1.43228322270828,0,0,0
4936,-9.77469925321003,0.385882450568537,1.57189000992834,0,0,0
4937,-9.38254710243548,0.525429370244263,1.55783354965825,0,0,0
4938,-9.01010894945718,0.643040842338432,1.51680618360551,0,0,0
4939,-8.68510229155427,0.788749381810017,1.51662579359535,0,0,0
4940,-8.42262528305801,0.984116682541862,1.5454133905,0,0,0
4941,-8.29413880319762,1.11449546212594,1.50669769725979,0,0,0
4942,-8.2860197988541,1.18430026510333,1.45702483145002,0,0,0
4943,-8.3742031751108,1.20154037476589,1.3938250601911,0,0,0
4944,-8.50673792518497,1.20881664896671,1.36934814842722,0,0,0
4945,-8.68672701789989,1.1757020479312,1.25873760806811,0,0,0
4946,-8.86218251095595,1.11511917629011,1.17054712851528,0,0,0
4947,-9.02127248463697,1.05251175317965,1.17975396359738,0,0,0
4948,-9.23884940361763,0.979576821695937,1.22740648163136,0,0,0
4949,-9.42696595671178,0.899463686320188,1.23213412903333,0,0,0
4950,-9.5819413374124,0.772362940214398,1.25985864562975,0,0,0
4951,-9.72925407828447,0.630143136957027,1.23036364235263,0,0,0
4952,-9.86413777500561,0.482005239330652,1.15391555043669,0,0,0
4953,-9.90167687115323,0.424067480214909,1.06808054297469,0,0,0
4954,-9.85771368329472,0.408459039449562,1.00521186292586,0,0,0
4955,-9.84689907307849,0.439836430859631,0.928379958378414,0,0,0
4956,-9.69975461739944,0.511189996523574,0.785627710557314,0,0,0
4957,-9.48370317599169,0.575706920060195,0.772152487148438,0,0,0
4958,-9.30059670228706,0.646260641413165,0.828131168542526,0,0,0
4959,-9.19758286864141,0.689524149745965,0.843826557222073,0,0,0
4960,-9.18409184708888,0.716661316231635,0.853015248611337,0,0,0
4961,-9.12153213930733,0.751592603204474,0.868746393579514,0,0,0
4962,-9.03785282119798,0.734437772038939,0.92065610777512,0,0,0
4963,-9.02498005163095,0.674121264283323,0.918741521529569,0,0,0
4964,-9.06691726060756,0.582085135533459,0.886959283441479,0,0,0
4965,-9.09098527209363,0.510109589966559,0.927514085602477,0,0,0
4966,-9.08310460264553,0.442566597436289,0.904995101599888,0,0,0
4967,-9.07750386273967,0.391041003269564,0.835126692668557,0,0,0
4968,-9.0407330997845,0.35232262103937,0.744800665470469,0,0,0
4969,-9.00846061570055,0.336506245406609,0.690782952471137,0,0,0
4970,-8.9889775412147,0.337702502777283,0.651987748808747,0,0,0
4971,-8.978582025351,0.39378702612509,0.599973831371914,0,0,0
4972,-8.99537031881809,0.470759704833021,0.529983576893537,0,0,0
4973,-9.02606480540175,0.554407750099142,0.554759142027776,0,0,0
4974,-9.07909594152031,0.613526070659382,0.55237640353825,0,0,0
4975,-9.17588031003942,0.640423563196635,0.545925677663604,0,0,0
4976,-9.21942533209137,0.658738394179794,0.534449387992556,0,0,0
4977,-9.23945293938344,0.670781900190015,0.453334279193414,0,0,0
4978,-9.26051269181401,0.695538856352807,0.380854524714521,0,0,0
4979,-9.25556238256518,0.709621601081156,0.297559009603653,0,0,0
4980,-9.26479604709701,0.700463699864453,0.227365885542974,0,0,0
4981,-9.26904201034811,0.687119695441372,0.157367232033208,0,0,0
4982,-9.26465722040854,0.673263539780249,0.069101066106211,0,0,0
4983,-9.24759788961519,0.635425857692174,0.00392217670335948,0,0,0
4984,-9.19043089714175,0.575895275670376,-0.036803608648477,0,0,0
4985,-9.13495801754607,0.505501339939332,-0.0389270713832116,0,0,0
4986,-9.09351185911356,0.453127288560103,-0.0434159533929402,0,0,0
4987,-9.0871319187129,0.452661137147504,-0.0684579631584917,0,0,0
4988,-9.12850716015152,0.514246437419788,-0.0887262188982589,0,0,0
4989,-9.12110375339903,0.603928751827386,-0.163456659331254,0,0,0
4990,-9.09091536015438,0.716290670689905,-0.2243836698811,0,0,0
4991,-9.11544955502504,0.808345110475256,-0.111731107911243,0,0,0
4992,-9.15399199056286,0.831460047174917,0.249834992309165,0,0,0
4993,-9.28402029787203,0.763467351635367,0.46446147147461,0,0,0
4994,-9.54658967394892,0.682363972030044,0.24328587382652,0,0,0
4995,-9.79959654185902,0.729579042383888,0.0695905711486675,0,0,0
4996,-9.97381765196257,0.891839369159035,0.0581437631248415,0,0,0
4997,-10.0443021570928,1.08210969971611,-0.0322581029950637,0,0,0
4998,-9.93754723328615,1.15201549437039,-0.1319748550375,0,0,0
4999,-9.83412442426839,1.17286246733721,-0.18175451125215,0,0,0
5000,-9.91011082035232,1.14511599753977,-0.219973035772011,0,0,0
5001,-10.120128227347,1.01348352603058,-0.237858808245257,0,0,0
5002,-10.3966688882987,0.829147124082333,-0.0386268315207665,0,0,0
5003,-10.8068476287368,0.660055512453677,0.370627909889318,0,0,0
5004,-11.3118409394795,0.529026549642871,0.628773462727541,0,0,0
5005,-11.8318926525855,0.364813894417199,0.611418552283546,0,0,0
5006,-12.1989605232848,0.0378546560443606,0.474045708789526,0,0,0
5007,-12.3380584271181,-0.329189935066797,0.363473125240827,0,0,0
5008,-12.005076764162,-0.529697018175061,0.25976421798946,0,0,0
5009,-11.3415807346836,-0.686399366957805,0.223449522155466,0,0,0
5010,-10.7879466734699,-0.918407880558443,0.458123451423107,0,0,0
5011,-10.3764196550378,-1.13902358933687,0.790095126117766,0,0,0
5012,-9.97392529250462,-1.35720083332182,1.08141589440026,0,0,0
5013,-9.66130700595506,-1.56440573742143,1.23520337685701,0,0,0
5014,-9.45490197088652,-1.70825093690608,1.41090962480019,0,0,0
5015,-9.37837022573887,-1.81498053238374,1.76811391591854,0,0,0
5016,-9.45444370168682,-1.89321591539005,2.17234262018694,0,0,0
5017,-9.66531114655419,-1.9183314440579,2.05760728793038,0,0,0
5018,-9.77973061450663,-1.79005324083357,1.73466635124682,0,0,0
5019,-9.66217855992609,-1.54259452739147,1.70260910220283,0,0,0
5020,-9.43734327412784,-1.21801129580792,1.83546454982145,0,0,0
5021,-9.3920745319603,-0.92151087075892,1.71334641254494,0,0,0
5022,-9.52577483695865,-0.780375139453201,1.39896185530875,0,0,0
5023,-9.66752375585787,-0.79133392747688,1.19353766170237,0,0,0
5024,-9.74545151909371,-0.95361662708712,1.20760135023163,0,0,0
5025,-9.85125425019566,-1.13220570769905,1.30253039854411,0,0,0
5026,-10.0421604572838,-1.33840874217946,1.19201549160421,0,0,0
5027,-10.2062936024133,-1.58656875592197,1.00757000867637,0,0,0
5028,-10.2578329352279,-1.80460887921295,0.921530704872666,0,0,0
5029,-10.1044892392387,-1.94425815899375,0.946421908250319,0,0,0
5030,-9.82063092788818,-1.94237822911604,0.998082377673295,0,0,0
5031,-9.54490194392039,-1.78423846751586,1.12469038370953,0,0,0
5032,-9.41502973819426,-1.58403544500129,1.29613760216958,0,0,0
5033,-9.34451103974495,-1.38574953157661,1.37012506309642,0,0,0
5034,-9.30449491243794,-1.18362388657639,1.28650731325596,0,0,0
5035,-9.18074348671025,-1.05106876526953,1.22285219193649,0,0,0
5036,-9.01047255035006,-0.981877715567891,1.1933037547224,0,0,0
5037,-8.83343828718037,-0.924200297278069,1.1410814788895,0,0,0
5038,-8.63256773692369,-0.918181108449881,1.03488441713865,0,0,0
5039,-8.50841817749408,-0.897255167917447,0.94688731891968,0,0,0
5040,-8.47677571211934,-0.883957880103884,0.818209857800696,0,0,0
5041,-8.47718197983309,-0.891116932077588,0.684673405750691,0,0,0
5042,-8.49283043243897,-0.897555253493027,0.637260641139523,0,0,0
5043,-8.51869815219082,-0.921122267228073,0.648981180394978,0,0,0
5044,-8.57872672492166,-0.985506550347576,0.633183420139712,0,0,0
5045,-8.6678090127762,-1.02632236642884,0.567980558834571,0,0,0
5046,-8.75488962155345,-1.07653529325079,0.500335114501181,0,0,0
5047,-8.81329651748316,-1.11414433582063,0.473118290289408,0,0,0
5048,-8.86026502504071,-1.13580585891099,0.423484146280779,0,0,0
5049,-8.90514747491113,-1.13253389142189,0.324230211684873,0,0,0
5050,-8.93624451932107,-1.12012823229022,0.231926696621645,0,0,0
5051,-8.9656863425452,-1.12200862064266,0.161836182176576,0,0,0
5052,-9.03014691657107,-1.08559311314904,0.0259389475987303,0,0,0
5053,-9.12186689868536,-1.0147158689063,-0.0397680454525306,0,0,0
5054,-9.19340791745697,-0.887238351374232,-0.0870923217589735,0,0,0
5055,-9.21893168019735,-0.741238345285497,-0.116883497065716,0,0,0
5056,-9.15714415508908,-0.659092994853183,-0.0966849652483573,0,0,0
5057,-9.07821249396313,-0.646695384527246,-0.103429362944448,0,0,0
5058,-9.02325778889528,-0.671916571544619,-0.125830646574601,0,0,0
5059,-8.97068965468739,-0.729202169993058,-0.0875059043485797,0,0,0
5060,-8.91342460850983,-0.811505968525716,-0.0244102101443836,0,0,0
5061,-8.8321695984499,-0.929345425985143,-0.0264033012128185,0,0,0
5062,-8.73474962128905,-1.08131159561377,-0.0713805384421375,0,0,0
5063,-8.77521390296906,-1.24276721680467,-0.00126285374635978,0,0,0
5064,-9.03873641083102,-1.39124284596759,0.0872517827811393,0,0,0
5065,-9.40460034721556,-1.49773960977769,0.144072836834559,0,0,0
5066,-9.60345192168475,-1.48571136033005,0.162164028423998,0,0,0
5067,-9.69116362303014,-1.36739523383231,-0.00513493556607201,0,0,0
5068,-9.78041464966552,-1.30312661609383,-0.233454269798026,0,0,0
5069,-9.83144408816574,-1.30826497922887,-0.436394765073596,0,0,0
5070,-9.85989900704334,-1.35946356506996,-0.474716978773442,0,0,0
5071,-9.92205321430122,-1.4305178028182,-0.524385901165226,0,0,0
5072,-9.9970544582892,-1.63330446056939,-0.526086169043164,0,0,0
5073,-10.2052198155065,-1.91856860391411,-0.182632875402679,0,0,0
5074,-10.6490623036573,-2.08929314375581,0.335154133669947,0,0,0
5075,-11.3219753332916,-2.0312409681373,0.620216107873264,0,0,0
5076,-11.9675464430374,-1.76285759681721,0.545440897742708,0,0,0
5077,-12.2632890598995,-1.38348842927954,0.107553488601413,0,0,0
5078,-12.1054840259339,-0.823676404935705,-0.609308793945532,0,0,0
5079,-11.6965528006979,-0.185177774148695,-0.786527487035643,0,0,0
5080,-11.1390193607961,0.198924897528628,-0.233762955257096,0,0,0
5081,-10.7096448820007,0.379880487052276,0.407095606362179,0,0,0
5082,-10.4510784981944,0.534622965340168,0.833532457948976,0,0,0
5083,-10.3115134491862,0.678210554101135,1.07269534313016,0,0,0
5084,-10.2063262425209,0.730536336895825,0.989002413533937,0,0,0
5085,-10.0142691106152,0.83055860220322,1.04287785808466,0,0,0
5086,-9.80047300846945,0.979525631501863,1.42653467214771,0,0,0
5087,-9.55240642756401,1.10774374492736,1.9570933146755,0,0,0
5088,-9.34668754167521,1.19838429647511,2.35211017416442,0,0,0
5089,-9.24631640013752,1.24362916315348,2.28630694689375,0,0,0
5090,-9.23001485402851,1.25548081758046,1.83475849561638,0,0,0
5091,-9.25491532022846,1.28561394110261,1.54799966448315,0,0,0
5092,-9.31370989223796,1.29325099647141,1.60901204350556,0,0,0
5093,-9.42339395843909,1.25242901143151,1.69956669912704,0,0,0
5094,-9.53393951213933,1.2085657914849,1.61799674497853,0,0,0
5095,-9.57774976499202,1.18780111220964,1.42193426927024,0,0,0
5096,-9.68203555377984,1.08846918423163,1.30240534663143,0,0,0
5097,-9.89417996403177,0.988987746436959,1.23282842181139,0,0,0
5098,-10.0861650488202,0.948512606852393,1.14669441506496,0,0,0
5099,-10.1201389865617,0.935260030080487,1.0765234249217,0,0,0
5100,-9.97420869926704,0.900162026976865,1.06113349575727,0,0,0
5101,-9.72049168734083,0.826267958135337,1.12880057679046,0,0,0
5102,-9.47789208913291,0.718468312015779,1.17373380086489,0,0,0
5103,-9.35285506465604,0.539128278843491,1.27115194323351,0,0,0
5104,-9.3253509590924,0.333472870689116,1.32752993996854,0,0,0
5105,-9.2307214862974,0.226704790440477,1.2893765062324,0,0,0
5106,-9.08351918607058,0.160921731690587,1.34110446015269,0,0,0
5107,-8.9110364352147,0.134046178873155,1.26225556338916,0,0,0
5108,-8.74869019661261,0.149637413043463,1.20576257192571,0,0,0
5109,-8.59955424496355,0.245775050222252,1.16471500372492,0,0,0
5110,-8.49749908025517,0.336087101053741,1.16219644292282,0,0,0
5111,-8.48339549806012,0.427858009869255,1.13489049085965,0,0,0
5112,-8.50874233673253,0.514560646466673,1.0516315110492,0,0,0
5113,-8.56934861940604,0.602749993151197,0.942878431599602,0,0,0
5114,-8.65792184395084,0.658459973273177,0.830045479520409,0,0,0
5115,-8.72573269799569,0.695990915953688,0.76700304533633,0,0,0
5116,-8.84307294896114,0.691031029904626,0.703750217201768,0,0,0
5117,-8.92619091709594,0.674476322645669,0.633807506661423,0,0,0
5118,-8.96604395788322,0.669023341547791,0.582181935883264,0,0,0
5119,-8.98508732708329,0.684391371286584,0.48467407623371,0,0,0
5120,-9.02334682069148,0.69656087865795,0.380888873182036,0,0,0
5121,-9.10042047175987,0.69976526102144,0.29491777061871,0,0,0
5122,-9.16618646273808,0.711931729097656,0.247421799256548,0,0,0
5123,-9.26939353271924,0.732439958458914,0.191391250805679,0,0,0
5124,-9.32541420285795,0.724590244281807,0.159913731285001,0,0,0
5125,-9.40425095264002,0.682605661289116,0.132617687021569,0,0,0
5126,-9.44865658942228,0.654346746592207,0.0898613467512863,0,0,0
5127,-9.38896933086371,0.626978978434815,0.0946585112735836,0,0,0
5128,-9.28625948711671,0.626575034203624,0.0963649461375427,0,0,0
5129,-9.19186058001464,0.672685018748732,0.0490167731487,0,0,0
5130,-9.05535755891067,0.715108273923886,-0.0258459254293541,0,0,0
5131,-9.0068750716488,0.786305669437933,-0.0756426597504457,0,0,0
5132,-8.96103312012873,0.857182399356706,-0.152734334684175,0,0,0
5133,-8.90284613329397,0.947137495949134,-0.154642071477877,0,0,0
5134,-8.90508940456363,1.05916442400431,-0.141402717879208,0,0,0
5135,-8.98374825702206,1.17275259141714,-0.240945751059817,0,0,0
5136,-9.10279871264724,1.12268604004535,-0.326833472873441,0,0,0
5137,-9.23051548510872,0.876566910268408,-0.459158078464055,0,0,0
5138,-9.32731177869433,0.567615132776975,-0.538009059581798,0,0,0
5139,-9.26247379202298,0.419701219400043,-0.391379467682605,0,0,0
5140,-9.11229460540285,0.491596426009719,-0.176797128120056,0,0,0
5141,-9.18740093546603,0.65664231282813,-0.0979701305947411,0,0,0
5142,-9.4936164765487,0.75128271677025,-0.0302071181145236,0,0,0
5143,-9.97365165693742,0.736552159068776,0.223184991439594,0,0,0
5144,-10.7754045631784,0.492362444767873,0.969211543642432,0,0,0
5145,-11.9363787400351,0.0226047142095624,1.79034713011779,0,0,0
5146,-13.0312217100164,-0.552424727173311,1.95242751150411,0,0,0
5147,-13.7376845181703,-1.05543156126855,1.70047399473239,0,0,0
5148,-13.6333572346796,-1.35792396361004,1.11566230898799,0,0,0
5149,-12.407012151252,-1.31656875631933,0.335499731439857,0,0,0
5150,-10.8727113134131,-1.08718288126865,-0.18759218429773,0,0,0
5151,-10.0001340497966,-0.969331226054023,0.159425333537897,0,0,0
5152,-9.737762249601,-0.913805135197337,0.997123035475246,0,0,0
5153,-9.76981076676511,-1.1334267691242,1.55336990778421,0,0,0
5154,-9.99564751444233,-1.57566360034334,1.79988941014581,0,0,0
5155,-10.4725392121309,-1.95059269032629,2.14381433302893,0,0,0
5156,-11.047403784486,-2.08272896912159,2.37716020639918,0,0,0
5157,-11.3914579151312,-2.01662862278991,2.39529242713273,0,0,0
5158,-11.2329963946308,-1.90210804563611,2.37031542002874,0,0,0
5159,-10.5795146171343,-1.76702648095504,2.21586935330049,0,0,0
5160,-9.91290357840735,-1.65094417576959,1.91077502893774,0,0,0
5161,-9.63918600764899,-1.55394021928817,1.62365135358158,0,0,0
5162,-9.70554054638521,-1.50347998387023,1.52191057654375,0,0,0
5163,-9.86364080291517,-1.49201515739377,1.61912205708616,0,0,0
5164,-10.0531281811803,-1.4775650253823,1.6780509084313,0,0,0
5165,-10.0942977129717,-1.54597393837012,1.45474406581638,0,0,0
5166,-10.0601789383101,-1.70608821865516,1.23571545831587,0,0,0
5167,-9.9980896034539,-1.9137945203871,1.1229672008985,0,0,0
5168,-9.83361942763803,-2.08112153362075,1.12048988126654,0,0,0
5169,-9.60468243184003,-2.14317032618319,1.17018821552894,0,0,0
5170,-9.31712331402428,-2.05541930054964,1.2581792558414,0,0,0
5171,-9.09563990837713,-1.8506165749629,1.35238641842005,0,0,0
5172,-8.94887101331127,-1.57640722995963,1.42888365018503,0,0,0
5173,-8.80626344886383,-1.28582885535614,1.5011355641877,0,0,0
5174,-8.64710356263173,-1.03793178051468,1.47751089554753,0,0,0
5175,-8.4911659237193,-0.88023132771966,1.40751011374316,0,0,0
5176,-8.369943654565,-0.821120808921698,1.3940063574086,0,0,0
5177,-8.28204743112743,-0.852252282838429,1.31012693879071,0,0,0
5178,-8.21100046270862,-0.907100957606404,1.24247674038304,0,0,0
5179,-8.15653865913874,-0.96242055685476,1.16542049201537,0,0,0
5180,-8.11267004444886,-1.01239300683136,1.15650613476626,0,0,0
5181,-8.16306598256768,-1.07635677797807,1.12743813559916,0,0,0
5182,-8.26035669689452,-1.17787808678689,1.0215542007957,0,0,0
5183,-8.33260088040048,-1.33438732299531,0.980922758049301,0,0,0
5184,-8.39860352463923,-1.44353122444224,0.872575343920189,0,0,0
5185,-8.47386146606235,-1.48654981373462,0.723894093316247,0,0,0
5186,-8.60732684301477,-1.48010217936732,0.586010492132574,0,0,0
5187,-8.80981862275225,-1.47856232418117,0.475666443549498,0,0,0
5188,-8.96597244702031,-1.49013462170869,0.371502079012392,0,0,0
5189,-9.06003517052731,-1.48793618931319,0.267957820356873,0,0,0
5190,-9.07588520774727,-1.46484232679837,0.107682052086082,0,0,0
5191,-9.03856651032735,-1.39789088685975,-0.00534256775895144,0,0,0
5192,-9.03006931690342,-1.29785819075833,-0.125741331274538,0,0,0
5193,-9.06433560121908,-1.21549756542888,-0.249639607425916,0,0,0
5194,-9.04470150707716,-1.16166083835132,-0.267681439778329,0,0,0
5195,-8.99922424467905,-1.08198062401791,-0.320035455762929,0,0,0
5196,-8.97947656426016,-1.04628017035968,-0.372033915876173,0,0,0
5197,-8.94191016157096,-1.08658828883327,-0.389695345361471,0,0,0
5198,-8.8967161587677,-1.11690755652957,-0.403439132520258,0,0,0
5199,-8.84878067819149,-1.16508229630923,-0.403516984139483,0,0,0
5200,-8.75499647826082,-1.27035199024611,-0.437540482958728,0,0,0
5201,-8.54625115733914,-1.42570279469653,-0.42121702272409,0,0,0
5202,-8.49267121223721,-1.55967209650369,-0.330961614757756,0,0,0
5203,-8.56755497418326,-1.66180585993417,-0.206484305604754,0,0,0
5204,-8.74486657329323,-1.71286751807051,-0.206311957872324,0,0,0
5205,-9.03005059855234,-1.6749144610223,-0.163444077750718,0,0,0
5206,-9.33399111399748,-1.55517256031732,-0.124876720218661,0,0,0
5207,-9.56973037311636,-1.32165412389098,-0.312333152266977,0,0,0
5208,-9.61835867374405,-1.09351399682095,-0.597123903894232,0,0,0
5209,-9.56526349636572,-0.946874349954441,-0.493810840910244,0,0,0
5210,-9.70603901946998,-0.874843783469462,-0.18869154027994,0,0,0
5211,-10.0594734210516,-1.01254551091251,0.132795228945883,0,0,0
5212,-10.6301634607709,-1.07425787976465,0.674911316685436,0,0,0
5213,-11.0596401253104,-1.02245112869876,0.641166761596418,0,0,0
5214,-11.3931892584569,-1.0076231509692,0.616721184119084,0,0,0
5215,-11.8020253824848,-0.999298684197172,0.815546276847456,0,0,0
5216,-12.2704450357138,-1.02060031737411,0.721116544869198,0,0,0
5217,-12.518487306684,-1.11228608065915,0.195324746201658,0,0,0
5218,-12.4702518747711,-1.12348909258,-0.226853854289206,0,0,0
5219,-12.2767658238662,-0.93295497217777,-0.213439927580601,0,0,0
5220,-11.9954973300115,-0.577261324943869,0.271004715708622,0,0,0
5221,-11.6328611145226,-0.00578931008505228,0.769395790948609,0,0,0
5222,-11.2631099364003,0.579714362356113,1.0195154354228,0,0,0
5223,-10.9432814284406,0.978511333835238,1.05472687072241,0,0,0
5224,-10.5738646724774,1.29419029963789,1.01358641109931,0,0,0
5225,-10.1476310618812,1.57271898042546,1.21637327058246,0,0,0
5226,-9.70110446878707,1.92389588294074,1.79586839271722,0,0,0
5227,-9.27395443014219,2.15749506474731,2.33767767124992,0,0,0
5228,-8.95650543054719,2.14468682143146,2.79352241549017,0,0,0
5229,-9.02437805320026,1.92371365549958,3.30019280242871,0,0,0
5230,-9.35156090970206,1.34854273086915,3.22620903217728,0,0,0
5231,-9.51936396676901,0.701689803536258,2.60336148363926,0,0,0
5232,-9.24712964735924,0.402011033111234,1.93760072085053,0,0,0
5233,-8.8419299950972,0.296506218782857,1.56458919129138,0,0,0
5234,-8.54621854450556,0.118316680335417,1.46275558043006,0,0,0
5235,-8.44014992305272,-0.0296436620808318,1.57125434072806,0,0,0
5236,-8.49435136485651,-0.149943423900898,1.55796264754138,0,0,0
5237,-8.78014574622579,-0.28170408630061,1.43209989459423,0,0,0
5238,-9.24921736995157,-0.321823121574375,1.23783471798405,0,0,0
5239,-9.72248962147034,-0.181117443350495,1.07547804708366,0,0,0
5240,-10.0827474128021,0.0607428779154851,1.11837275800113,0,0,0
5241,-10.1507431055608,0.209944029776648,1.37347771546818,0,0,0
5242,-10.0731857159837,0.271167198462156,1.61944990751056,0,0,0
5243,-9.80045887904442,0.264226130766428,1.67112776070247,0,0,0
5244,-9.56062600178884,0.213063054591233,1.71619432814352,0,0,0
5245,-9.39173163250767,0.118653590266041,1.60118609021516,0,0,0
5246,-9.26870959866776,0.0219897977301272,1.47001890869061,0,0,0
5247,-9.16346481824532,-0.0398791732522692,1.32339875527926,0,0,0
5248,-9.02399817527311,-0.0355730778967176,1.11757945751457,0,0,0
5249,-8.90330600387364,0.0368054996745727,0.96383879376736,0,0,0
5250,-8.79401940020553,0.164005533440712,0.891740514894318,0,0,0
5251,-8.6862740853737,0.296585926911774,0.855102013177258,0,0,0
5252,-8.59757197780529,0.417009193498223,0.769281266249548,0,0,0
5253,-8.51207527591109,0.509175129412593,0.657974555785666,0,0,0
5254,-8.49825627584976,0.543500769594252,0.608625486549659,0,0,0
5255,-8.50505536212412,0.548174852480111,0.545384981408723,0,0,0
5256,-8.54987398943018,0.544635412101206,0.516153571899755,0,0,0
5257,-8.62794745315595,0.482847178365639,0.44390055354356,0,0,0
5258,-8.70520256299859,0.421847107434218,0.349446725163469,0,0,0
5259,-8.80371842993577,0.369391126456143,0.270421629031182,0,0,0
5260,-8.83639286148143,0.302582970666804,0.177913241536134,0,0,0
5261,-8.84105802169928,0.266023472907579,0.0781908124239966,0,0,0
5262,-8.78603446424793,0.261423875896984,0.0604780364637218,0,0,0
5263,-8.75982543644537,0.287558901027903,0.0850832871576771,0,0,0
5264,-8.78092695584934,0.303153825986466,-0.00555305609385036,0,0,0
5265,-8.80352484018061,0.333185539948484,-0.0550647983090978,0,0,0
5266,-8.76800686325908,0.382310840212656,-0.106990967999024,0,0,0
5267,-8.64143140110838,0.417066748807569,-0.176739544050595,0,0,0
5268,-8.41885906175374,0.424188365636371,-0.263012168522032,0,0,0
5269,-8.18265662954095,0.474559420137026,-0.333141398382732,0,0,0
5270,-8.02227629531553,0.572760495003495,-0.376460111723488,0,0,0
5271,-8.11216318101303,0.700195659378132,-0.272544599072428,0,0,0
5272,-8.36370220955126,0.767002004213837,-0.0511085554893383,0,0,0
5273,-8.69476578419568,0.692847816196446,0.215411816608239,0,0,0
5274,-9.10608749216168,0.442787241164632,0.319653160608858,0,0,0
5275,-9.45943134070686,0.161391467555238,0.320478003710571,0,0,0
5276,-9.68845754597097,-0.0280964870741516,0.404496126673467,0,0,0
5277,-9.85845004165482,-0.112991660930069,0.400182520512456,0,0,0
5278,-9.95880719230902,-0.0530290370444059,0.332331533645265,0,0,0
5279,-10.0522484629878,0.137231696053245,0.234975444453437,0,0,0
5280,-10.2001943236492,0.359944862774682,0.230319316280704,0,0,0
5281,-10.5196787673011,0.470838361195059,0.745657963634521,0,0,0
5282,-11.2265809591847,0.373784513527429,1.37637284448442,0,0,0
5283,-12.322970094642,0.0783741084078636,1.59621188126269,0,0,0
5284,-13.3883182192926,-0.270538216323776,1.46629481277104,0,0,0
5285,-13.9681003539095,-0.6266587033378,1.02908795941293,0,0,0
5286,-13.4470443726502,-0.758366333780479,0.633631508109607,0,0,0
5287,-12.1274146358914,-0.813860966761004,0.356977253104962,0,0,0
5288,-11.108970143536,-1.01208100423889,0.277654265720592,0,0,0
5289,-10.6539751560796,-1.28072210202111,0.539536253939662,0,0,0
5290,-10.5183287936798,-1.49292501950524,0.896239079142759,0,0,0
5291,-10.2364733936781,-1.72859619446884,1.1586819617451,0,0,0
5292,-10.0255364333678,-1.95491694623118,1.47498340703613,0,0,0
5293,-10.1013627966844,-2.01689077541727,1.72580173081886,0,0,0
5294,-10.3073486192252,-1.96410118821112,1.91795651324619,0,0,0
5295,-10.4576836396506,-1.89697316740811,2.2273145853353,0,0,0
5296,-10.4381396781901,-1.85006319043008,2.20692441382175,0,0,0
5297,-10.1936345057401,-1.77302851862569,1.94684841821789,0,0,0
5298,-9.78582176160521,-1.61547559461871,1.67980177305904,0,0,0
5299,-9.51511584932135,-1.45302869422639,1.54638342699792,0,0,0
5300,-9.51820567002596,-1.38525114116659,1.4492901089792,0,0,0
5301,-9.71360515777645,-1.31716827143449,1.37462326018833,0,0,0
5302,-9.9896408309272,-1.27007056798039,1.30464502296416,0,0,0
5303,-10.1398103175877,-1.29635443729387,1.19203561455279,0,0,0
5304,-10.1390596672559,-1.483003729132,1.24643985082965,0,0,0
5305,-9.98805962275606,-1.79171580217759,1.22831244438132,0,0,0
5306,-9.70900288101293,-2.0208600899455,1.217173978972,0,0,0
5307,-9.41484800102099,-2.07275012895382,1.28488677777335,0,0,0
5308,-9.19195545825538,-1.9008775673987,1.30046112954734,0,0,0
5309,-9.0859491600064,-1.56223053820444,1.28921554236242,0,0,0
5310,-9.00464264489296,-1.21831210560907,1.30412621979256,0,0,0
5311,-8.87201265194155,-0.944435852406916,1.38260492739665,0,0,0
5312,-8.64148452823569,-0.810635072724467,1.32829451348557,0,0,0
5313,-8.41992829604595,-0.765629888456586,1.23050147366466,0,0,0
5314,-8.23171023780933,-0.790553092829899,1.17648434761491,0,0,0
5315,-8.14493992814971,-0.841149022412893,1.09752620867628,0,0,0
5316,-8.1076578910457,-0.899949980548623,1.03667847602697,0,0,0
5317,-8.1601599485735,-0.972865393439403,1.00310449870528,0,0,0
5318,-8.23292681091248,-1.04539424199923,0.915338109956655,0,0,0
5319,-8.38085078673052,-1.13794719324092,0.903953997141839,0,0,0
5320,-8.60222388786506,-1.2762943201919,0.8679192395035,0,0,0
5321,-8.79639472166725,-1.38528828726823,0.818572026546023,0,0,0
5322,-8.93235576981864,-1.48195327636374,0.791662575526735,0,0,0
5323,-9.01728996783096,-1.5505501544747,0.721583801481889,0,0,0
5324,-9.07607180843444,-1.53827562448929,0.649335274750205,0,0,0
5325,-9.16401963311457,-1.53219256487055,0.504838205636666,0,0,0
5326,-9.24351958423737,-1.49256925309189,0.398695619424281,0,0,0
5327,-9.29101648607076,-1.46907323381123,0.344592884090684,0,0,0
5328,-9.29375589284633,-1.43520132106321,0.24292262912675,0,0,0
5329,-9.29696726420117,-1.37209137409493,0.134445794242226,0,0,0
5330,-9.27756553101843,-1.31387226895629,0.0508034822730115,0,0,0
5331,-9.2056589062047,-1.26961957734612,-0.0371820662721314,0,0,0
5332,-9.09634604776369,-1.19260465439459,-0.148006930182533,0,0,0
5333,-8.98465075741466,-1.13604921397532,-0.256650179148727,0,0,0
5334,-8.84685326151763,-1.14949600771187,-0.292864695788528,0,0,0
5335,-8.74105761042228,-1.18793048545217,-0.295541531706894,0,0,0
5336,-8.64694800144236,-1.27463814671294,-0.351879028425035,0,0,0
5337,-8.58129482349008,-1.40345854389169,-0.360625168274753,0,0,0
5338,-8.57732609582888,-1.5389058304072,-0.231938857963132,0,0,0
5339,-8.71415722379081,-1.700506650046,-0.136621061619891,0,0,0
5340,-8.94419890518687,-1.79962198330883,-0.127036939697528,0,0,0
5341,-9.13055137520847,-1.75904656953152,-0.181550390647783,0,0,0
5342,-9.31719942034706,-1.62058776826115,-0.343997015108338,0,0,0
5343,-9.4229495514555,-1.38766593404547,-0.547739046931961,0,0,0
5344,-9.55196431170732,-1.18732537983854,-0.418835631973445,0,0,0
5345,-9.60383855179055,-1.03798642092676,-0.364657214365476,0,0,0
5346,-9.58509183632192,-0.966693746546646,-0.401077462874931,0,0,0
5347,-9.69249624511461,-1.02368140535333,0.048608475227246,0,0,0
5348,-10.2222589389374,-1.06980422281332,0.629367421499499,0,0,0
5349,-11.1014051805774,-1.10999573354347,1.16301918755008,0,0,0
5350,-12.0751075664282,-1.15527704200554,1.59058613500054,0,0,0
5351,-12.8525801401719,-1.18068488763704,1.46239139118433,0,0,0
5352,-12.8885741557776,-1.19086960444913,0.323716681116002,0,0,0
5353,-11.961011007904,-0.983406529569239,-0.943698777250105,0,0,0
5354,-10.7325678395696,-0.725590102755136,-0.622106881782766,0,0,0
5355,-10.2320572393821,-0.622428982255083,0.389294774695425,0,0,0
5356,-10.1863859524222,-0.366970991441029,0.981028559546934,0,0,0
5357,-10.2010585373109,0.11191404675315,1.13636960438776,0,0,0
5358,-10.3183589684054,0.765055358729427,1.21677277034989,0,0,0
5359,-10.4909400514288,1.36754614016501,1.51202404407507,0,0,0
5360,-10.6317505558305,1.77767943440668,1.9211502821088,0,0,0
5361,-10.5622723840916,1.91996611553635,2.15574864747899,0,0,0
5362,-10.233490760316,1.88656086498027,2.40588814216304,0,0,0
5363,-9.72006886062906,1.82253253650966,2.2793241206245,0,0,0
5364,-9.22573767911029,1.66643257524621,1.97877123003518,0,0,0
5365,-8.92972010434446,1.36740137180765,1.90897240144319,0,0,0
5366,-8.92130809546508,1.00101585247119,1.93655532020211,0,0,0
5367,-9.15069915619939,0.623879367243327,1.92985838728456,0,0,0
5368,-9.44510484268845,0.252695045118009,1.81828274478541,0,0,0
5369,-9.70756173841084,-0.00196992862199101,1.67389442667432,0,0,0
5370,-9.89590831743736,-0.0753931954232346,1.55203961580914,0,0,0
5371,-10.1658230659579,0.01208382913682,1.46168739090482,0,0,0
5372,-10.3785895643965,0.218220346064431,1.31038038460339,0,0,0
5373,-10.3908365545331,0.445967206393424,1.20192593816156,0,0,0
5374,-10.1235756265452,0.625558135575547,1.19910655803802,0,0,0
5375,-9.66420462683131,0.7018016268065,1.22836862714424,0,0,0
5376,-9.26391849721503,0.716920621529762,1.27965032352565,0,0,0
5377,-9.03377134409026,0.694966980919785,1.30201067723637,0,0,0
5378,-8.98960191148146,0.61562007587938,1.25463574746212,0,0,0
5379,-9.01272800558323,0.517208220158085,1.14182715387281,0,0,0
5380,-8.90329893169581,0.448088025040077,1.0469677995844,0,0,0
5381,-8.68349793893361,0.408961167043371,1.01543522864782,0,0,0
5382,-8.52205570831157,0.327673525847888,0.995087336540834,0,0,0
5383,-8.41737519811936,0.256068362224246,1.01306661882509,0,0,0
5384,-8.39658238468489,0.224224622011432,1.04470678131503,0,0,0
5385,-8.44871850265666,0.192883468606988,0.994702142387965,0,0,0
5386,-8.49503249909702,0.169569732800332,0.920512791789345,0,0,0
5387,-8.51799008816204,0.196981608525136,0.861775836262001,0,0,0
5388,-8.53895008017567,0.228689975813044,0.778092406066646,0,0,0
5389,-8.60849380766944,0.234789960667356,0.699274460687686,0,0,0
5390,-8.67870148162496,0.256240164419503,0.629282462892926,0,0,0
5391,-8.81355837528601,0.256641649638682,0.568583019838372,0,0,0
5392,-8.9650606982346,0.286187207092006,0.473792310727518,0,0,0
5393,-9.08797522912999,0.321396018073096,0.410306869888125,0,0,0
5394,-9.14910928646576,0.363281335355953,0.374358835866281,0,0,0
5395,-9.16326072917358,0.392639982388467,0.281638783778418,0,0,0
5396,-9.19246100785861,0.40010426055067,0.234316892920303,0,0,0
5397,-9.20012934077521,0.403912713527763,0.267809765327296,0,0,0
5398,-9.18233448736136,0.433080693322674,0.229467685503172,0,0,0
5399,-9.08366095347182,0.483482455278943,0.123291937819567,0,0,0
5400,-8.94890279739008,0.537905656236527,-0.0890649299440179,0,0,0
5401,-8.80044865637123,0.578524638915505,-0.213331450942285,0,0,0
5402,-8.66593598676204,0.616663186007309,-0.272281651875537,0,0,0
5403,-8.56969617627626,0.662332936667399,-0.301755810793135,0,0,0
5404,-8.60706967585114,0.705090239264922,-0.324653998889065,0,0,0
5405,-8.644958899357,0.690165406668921,-0.32225707250134,0,0,0
5406,-8.7510664427265,0.582076174930619,-0.26541244505833,0,0,0
5407,-9.02556352247582,0.40442029486917,-0.222127608771609,0,0,0
5408,-9.28731688151144,0.237214251967608,-0.176895123331291,0,0,0
5409,-9.49791407713415,0.162070751785032,-0.0907518520711074,0,0,0
5410,-9.54848980546506,0.0910360805736716,0.0201248034680213,0,0,0
5411,-9.54904481797584,-0.0306603161601198,0.137604081270754,0,0,0
5412,-9.62715331604229,-0.110823281253107,0.257252768887932,0,0,0
5413,-9.91149792739641,-0.0471121620495646,0.565023419290669,0,0,0
5414,-10.5268453305109,0.0430046477386414,1.35132004701811,0,0,0
5415,-11.3932288639471,0.0361005233581002,1.91419314269877,0,0,0
5416,-12.1732990146555,-0.0741234641126164,1.616888389153,0,0,0
5417,-12.5823020620621,-0.157151707837015,1.22642032147222,0,0,0
5418,-12.7179277201838,-0.287598053949432,0.894447091096461,0,0,0
5419,-12.181825048976,-0.340133174257477,-0.0159631383114733,0,0,0
5420,-11.0450100918751,-0.303698815260341,-0.427526700706982,0,0,0
5421,-10.3391729117846,-0.21270819820337,0.0708568515763568,0,0,0
5422,-10.0935484071155,-0.262975624491752,0.937846978491276,0,0,0
5423,-10.1743226491458,-0.604239248177757,1.59993209710709,0,0,0
5424,-10.4518471266141,-1.13682431252603,1.63917557388773,0,0,0
5425,-10.8209851589096,-1.58711354863825,1.7890623800506,0,0,0
5426,-11.101769347741,-1.80542592401834,2.1101994727637,0,0,0
5427,-11.2730270518467,-1.99438726896493,2.23219321406685,0,0,0
5428,-11.3202113104674,-2.09640069884138,2.33209001883396,0,0,0
5429,-11.1411682247072,-2.03438140353004,2.22782073107088,0,0,0
5430,-10.7779732960759,-1.91437236426695,1.84330267731831,0,0,0
5431,-10.3530994975008,-1.78330809344736,1.5472927646513,0,0,0
5432,-10.107904232603,-1.63484813695471,1.58065913911769,0,0,0
5433,-10.1609399848432,-1.44094393967576,1.67073553023253,0,0,0
5434,-10.3878522599735,-1.32205088062928,1.50155721612047,0,0,0
5435,-10.4633993444609,-1.3835693634449,1.32098684802343,0,0,0
5436,-10.3096910390461,-1.56848963260343,1.28701155563087,0,0,0
5437,-9.99042153292482,-1.73936336845085,1.34382865067568,0,0,0
5438,-9.64863811040846,-1.84423841150416,1.3706246522803,0,0,0
5439,-9.34430402441266,-1.81053686793437,1.29604475579822,0,0,0
5440,-9.10571859591951,-1.6595531298213,1.34531807320937,0,0,0
5441,-8.86430692939008,-1.40521204303481,1.39447944413644,0,0,0
5442,-8.61117022036864,-1.12782391078378,1.43043952112168,0,0,0
5443,-8.35529417330689,-0.943600105534059,1.48634615006775,0,0,0
5444,-8.11778046219798,-0.848505820780855,1.43413960465643,0,0,0
5445,-7.96668253273864,-0.846395256747085,1.36176245872212,0,0,0
5446,-7.91190954774522,-0.910584298061338,1.34127587740623,0,0,0
5447,-7.9826024485336,-0.997007377695766,1.25333040959474,0,0,0
5448,-8.06494023363441,-1.04705548978633,1.13608827226706,0,0,0
5449,-8.11666955394253,-1.04827514943266,0.962213528385137,0,0,0
5450,-8.16644073677468,-1.03385856589372,0.851560979817698,0,0,0
5451,-8.23802633457747,-1.05494088851899,0.811072856702029,0,0,0
5452,-8.37767342928175,-1.086674011934,0.731956901717428,0,0,0
5453,-8.53190487118629,-1.11704806112553,0.653426910924854,0,0,0
5454,-8.66477526980105,-1.15118255674072,0.614963214872393,0,0,0
5455,-8.77604862520528,-1.21411959656324,0.552057051952802,0,0,0
5456,-8.85050946361119,-1.28594234848435,0.538053048530154,0,0,0
5457,-8.93873609855391,-1.35566368501509,0.50921032533637,0,0,0
5458,-9.05848226110988,-1.46358017837318,0.419158530368823,0,0,0
5459,-9.10085493918771,-1.485176708084,0.238523885212829,0,0,0
5460,-9.00642472935896,-1.4481226820342,0.0578326332085414,0,0,0
5461,-8.87975201743782,-1.32404344815917,-0.184050950265144,0,0,0
5462,-8.77381256755055,-1.20466581245517,-0.265751571397732,0,0,0
5463,-8.67069583941283,-1.17277625904167,-0.125822480960078,0,0,0
5464,-8.47906860810671,-1.28804941593561,-0.00818726402264734,0,0,0
5465,-8.26344621035741,-1.46165115115048,-0.0235677891611781,0,0,0
5466,-8.17577364992439,-1.63917281708269,-0.186538968540507,0,0,0
5467,-8.34043412933063,-1.77589392593422,-0.156922288750247,0,0,0
5468,-8.83403760923564,-1.80186534556744,0.121238161264315,0,0,0
5469,-9.50890733197465,-1.78222524952675,0.277410925080758,0,0,0
5470,-10.0156711156825,-1.67042564247793,0.322896950879966,0,0,0
5471,-10.2789681988009,-1.39355965909469,0.133250478998911,0,0,0
5472,-10.224969242425,-1.10647875985826,-0.248886716449844,0,0,0
5473,-10.2356733943552,-0.9938054360752,-0.167594033713064,0,0,0
5474,-10.4850376997707,-1.08257922417871,0.286542092604769,0,0,0
5475,-10.6964696837067,-1.26834054089317,0.641476336311716,0,0,0
5476,-11.066309972237,-1.43837166120028,1.14095182617481,0,0,0
5477,-11.8050565834627,-1.51687669214511,1.72875581374729,0,0,0
5478,-12.4222148720626,-1.54447066364151,1.02668347266738,0,0,0
5479,-12.3838977235349,-1.34557494199544,-0.744374545371307,0,0,0
5480,-11.7311107293039,-1.07188469501439,-1.06542663953471,0,0,0
5481,-10.9109797108155,-0.967807483947484,0.178194870135498,0,0,0
5482,-10.4883459178281,-0.921773879666106,1.32079840171274,0,0,0
5483,-10.3502469953568,-0.57856034011558,1.64312557107856,0,0,0
5484,-10.4398199644594,-0.0394921321350609,1.67442142629836,0,0,0
5485,-10.6503764939495,0.55270169792981,1.68286920474524,0,0,0
5486,-10.6655329294447,1.06542452831997,1.73653857491014,0,0,0
5487,-10.3538996849693,1.45823337712105,1.92346937311446,0,0,0
5488,-9.8646946532021,1.69210618327002,2.23655152714149,0,0,0
5489,-9.38832127288682,1.79895026185996,2.4598146287667,0,0,0
5490,-9.10737648414699,1.69974768552912,2.28111643217235,0,0,0
5491,-9.02998191241936,1.41366061618489,2.0353748219653,0,0,0
5492,-9.19850668512597,1.11545221677238,1.96814259354961,0,0,0
5493,-9.47645416703893,0.849846772072656,1.95712742439032,0,0,0
5494,-9.73159093381868,0.632080744482451,1.92393600846281,0,0,0
5495,-9.880521005429,0.506546973724451,1.7615517445579,0,0,0
5496,-9.91101918338733,0.430479154494095,1.7050934711378,0,0,0
5497,-10.014448288063,0.448444561473813,1.74156624985211,0,0,0
5498,-10.0364108276555,0.556864649740212,1.59239989578691,0,0,0
5499,-9.86331378134657,0.706612180671518,1.50159141013098,0,0,0
5500,-9.61424002626207,0.794922959538713,1.4946514734921,0,0,0
5501,-9.36702649632913,0.8173840378349,1.58235636367791,0,0,0
5502,-9.24060600214005,0.794862613362444,1.61382086958735,0,0,0
5503,-9.17431905837177,0.744440724784772,1.50767749171904,0,0,0
5504,-9.0541668133256,0.697451032256233,1.39236468404188,0,0,0
5505,-8.82784966063588,0.660251316328345,1.38105658421325,0,0,0
5506,-8.66755794054845,0.637238891448524,1.35603449788446,0,0,0
5507,-8.6018732279502,0.647887795469521,1.2726036200722,0,0,0
5508,-8.57179726850037,0.675526562855649,1.29119718494522,0,0,0
5509,-8.52665488878842,0.736570570292636,1.28149336761062,0,0,0
5510,-8.5069250189553,0.797364772649443,1.25450412240853,0,0,0
5511,-8.51481321197427,0.880920222439471,1.20256905309586,0,0,0
5512,-8.56558062208459,0.94001290749537,1.18889260082526,0,0,0
5513,-8.64256933659012,0.959241714697138,1.19795758549819,0,0,0
5514,-8.72000568841917,0.973525987582314,1.08026047499654,0,0,0
5515,-8.77271599384484,0.925544181873124,1.05804878908244,0,0,0
5516,-8.84378216648992,0.861592798120785,0.98137287227901,0,0,0
5517,-8.89052875140428,0.803630631201461,0.872862176779348,0,0,0
5518,-8.90542455791211,0.777373964078317,0.794042415200848,0,0,0
5519,-8.96016239863991,0.782294453731892,0.680856212519349,0,0,0
5520,-9.05278770792718,0.81112686970191,0.538693290615394,0,0,0
5521,-9.12918639716389,0.84924200406178,0.428419564669696,0,0,0
5522,-9.09773956326439,0.848648799180713,0.319891536767323,0,0,0
5523,-9.05033859934735,0.82742783766383,0.154813665133882,0,0,0
5524,-8.97047831639203,0.788256151258516,0.0148678275897188,0,0,0
5525,-8.8756294208641,0.748063984393034,-0.132250578255436,0,0,0
5526,-8.76150846319611,0.708766049393087,-0.310420347597634,0,0,0
5527,-8.6233130210649,0.663787533049501,-0.479954368605357,0,0,0
5528,-8.51069677497515,0.677842071501554,-0.624592787473468,0,0,0
5529,-8.49688511980066,0.689346494835216,-0.717020434369464,0,0,0
5530,-8.51060331638638,0.712214257888226,-0.687576738264833,0,0,0
5531,-8.61074409171627,0.712912106958065,-0.54561108842914,0,0,0
5532,-8.86695283218105,0.653983397369871,-0.394053488928515,0,0,0
5533,-9.17846438107489,0.54220938236564,-0.251339905153544,0,0,0
5534,-9.46335229550797,0.456968870573101,-0.101896865585072,0,0,0
5535,-9.68544205232028,0.445852946457034,-0.0255277514336292,0,0,0
5536,-9.77981031477944,0.493328100783526,0.151234563312359,0,0,0
5537,-9.81337433020501,0.610637477238537,0.275353143940354,0,0,0
5538,-9.85778596731312,0.778895991236464,0.353770204499608,0,0,0
5539,-9.84931145164151,0.995189505612497,0.500727598017454,0,0,0
5540,-10.0372174456533,0.999556792283074,1.20090908610666,0,0,0
5541,-10.898026013129,0.673540343100518,2.13480964663935,0,0,0
5542,-12.3134654089068,0.0784300690507985,2.12057531335221,0,0,0
5543,-13.423812030598,-0.440844003164612,1.68341872754584,0,0,0
5544,-13.7358174404532,-0.929934096591782,1.33406836276038,0,0,0
5545,-13.0271856665813,-1.18996030965829,0.703924319855477,0,0,0
5546,-11.4108008511219,-1.1209325717061,-0.0176114459266818,0,0,0
5547,-10.1524046764757,-1.02965505396468,0.0308521153990199,0,0,0
5548,-9.75538467709041,-0.89479302928061,0.83026844322224,0,0,0
5549,-9.87787869161879,-0.889174465180184,1.4739404740098,0,0,0
5550,-10.119812415094,-1.14407637501785,1.60753329177631,0,0,0
5551,-10.3794997515894,-1.51728052137872,1.74832593424937,0,0,0
5552,-10.665025096904,-1.76083568545567,2.10534432928558,0,0,0
5553,-10.9602438265487,-1.87698275813844,2.21661929982913,0,0,0
5554,-11.0374240726746,-1.88299842998709,2.19832378618468,0,0,0
5555,-10.730192541896,-1.7276616014959,2.19381636754519,0,0,0
5556,-10.2107903751764,-1.49092687892938,2.03511893859853,0,0,0
5557,-9.80555100649605,-1.31076544662356,1.68900131873998,0,0,0
5558,-9.64221470710465,-1.24605933141311,1.40631134510508,0,0,0
5559,-9.73142226510214,-1.29386269836114,1.39522440511965,0,0,0
5560,-9.88316450146392,-1.39718380148139,1.52643256094306,0,0,0
5561,-10.0538083294445,-1.56729251466981,1.50875432875933,0,0,0
5562,-10.1587654146354,-1.75864577082566,1.26284407359992,0,0,0
5563,-10.1688350253099,-1.94682821489649,0.980826261538548,0,0,0
5564,-10.0096829486932,-2.05999682574324,0.865365707633217,0,0,0
5565,-9.67411046765348,-2.0272146262179,1.00297655372971,0,0,0
5566,-9.36014925982703,-1.91775456347251,1.23989682283588,0,0,0
5567,-9.10260037589897,-1.69757246994889,1.28672931385505,0,0,0
5568,-8.87021266502383,-1.40428282483561,1.30903935029237,0,0,0
5569,-8.72386005427398,-1.12814883447131,1.34920626057286,0,0,0
5570,-8.60935123991862,-0.91804424616065,1.2565920849045,0,0,0
5571,-8.48149919016838,-0.797350216090321,1.18136656726065,0,0,0
5572,-8.33432836088583,-0.769532292865794,1.13428839680283,0,0,0
5573,-8.26654885151106,-0.825283961697477,1.07971343696567,0,0,0
5574,-8.26941442979246,-0.908076966240265,0.942126693734161,0,0,0
5575,-8.32455498868306,-1.00640098661696,0.883353075499874,0,0,0
5576,-8.3790027361987,-1.11094892002432,0.854235386022895,0,0,0
5577,-8.42895525460846,-1.21559759537659,0.849959149067379,0,0,0
5578,-8.51341699732654,-1.27924781942576,0.870506432617833,0,0,0
5579,-8.6617491963768,-1.31966054759626,0.807312037855114,0,0,0
5580,-8.83894315076109,-1.36144320040387,0.710452148257716,0,0,0
5581,-9.00519078865684,-1.39457167416904,0.588635306115329,0,0,0
5582,-9.10998620905483,-1.33672025920649,0.466584118578449,0,0,0
5583,-9.10188888155778,-1.2760512802182,0.36713694994107,0,0,0
5584,-9.09946831204326,-1.27365676679059,0.3672293882533,0,0,0
5585,-9.13081715919822,-1.30032191354082,0.380733482986849,0,0,0
5586,-9.17933501730331,-1.32815912920317,0.344948148117909,0,0,0
5587,-9.17958799319074,-1.36030188843347,0.281356044342403,0,0,0
5588,-9.17259706677272,-1.37158821075903,0.218123378479499,0,0,0
5589,-9.18656549565876,-1.35346388737061,0.125415031482963,0,0,0
5590,-9.12786490994693,-1.31783590664949,0.0691642716891272,0,0,0
5591,-9.06299842761257,-1.28285799286403,0.00584392284378619,0,0,0
5592,-9.00207297896092,-1.28150180827937,-0.0890579346331372,0,0,0
5593,-8.94290991010921,-1.300225373817,-0.125117371356708,0,0,0
5594,-8.84575407707064,-1.33586859267557,-0.154699535822927,0,0,0
5595,-8.64204086580122,-1.3795674997513,-0.233838429593551,0,0,0
5596,-8.45144631520193,-1.4637733069582,-0.245265466142346,0,0,0
5597,-8.47296146691885,-1.52864946098599,-0.211303415747022,0,0,0
5598,-8.76108378802414,-1.54851621812912,-0.192924913110323,0,0,0
5599,-9.16303643453902,-1.47622230618906,-0.190184709665648,0,0,0
5600,-9.37647213991812,-1.30954039711097,-0.217808902201673,0,0,0
5601,-9.38129586702809,-1.14518625820193,-0.382856849450038,0,0,0
5602,-9.348370342215,-1.05517838122599,-0.619930034833293,0,0,0
5603,-9.36470299067477,-1.03027068323311,-0.714903304147444,0,0,0
5604,-9.38553303777771,-1.02820435859411,-0.577313651512527,0,0,0
5605,-9.45463773151021,-1.03323716071453,-0.423289736762595,0,0,0
5606,-9.51616134140158,-1.1264955531817,-0.56769783017067,0,0,0
5607,-9.467409197031,-1.3338074663094,-0.671305902314475,0,0,0
5608,-9.52536591887257,-1.59258183082926,-0.583492350422121,0,0,0
5609,-9.94779453613756,-1.66657145884927,-0.11305689868356,0,0,0
5610,-10.7981872927684,-1.56169653317054,0.792988488326964,0,0,0
5611,-11.9095861811587,-1.33534432928839,1.56140195667366,0,0,0
5612,-12.7371859186393,-1.17073914091438,1.26148221481211,0,0,0
5613,-12.6942153534825,-0.974448751444734,0.281217089267601,0,0,0
5614,-11.8194095122809,-0.51814935390424,-0.225673322833919,0,0,0
5615,-10.8818209651608,0.0141720387940576,0.0845273823142021,0,0,0
5616,-10.4052371712223,0.0663787066860485,0.400161863560878,0,0,0
5617,-10.2508659529408,-0.00375300000872416,0.567268657664682,0,0,0
5618,-10.1665104925451,0.112243962018076,0.659979575458522,0,0,0
5619,-10.0946809319845,0.375869574490211,0.54869156048751,0,0,0
5620,-10.063672860733,0.680921879893691,0.699670486408225,0,0,0
5621,-10.1460790707219,1.03497795128165,1.26870092688293,0,0,0
5622,-10.2464865502741,1.35735943274194,1.93696173209225,0,0,0
5623,-10.2496763233472,1.509392363621,2.38832698255133,0,0,0
5624,-10.1384216473895,1.48543111190493,2.45170801631597,0,0,0
5625,-9.950970306666,1.3752800709244,2.25548942581233,0,0,0
5626,-9.75370615467064,1.2704234747703,1.96373441277946,0,0,0
5627,-9.56439612222188,1.18497939859249,1.7561965860511,0,0,0
5628,-9.6005984947932,1.07123776937504,1.64576742703675,0,0,0
5629,-9.70513563057471,0.923702074075356,1.54162258685587,0,0,0
5630,-9.73309111025299,0.767858366984854,1.47001068139788,0,0,0
5631,-9.76540035934183,0.637425747851904,1.46085016903415,0,0,0
5632,-9.93003743545232,0.500742757565678,1.4543296238376,0,0,0
5633,-10.2217355347557,0.404279124994971,1.32805063912582,0,0,0
5634,-10.4376162304024,0.355927171655316,1.30330569317641,0,0,0
5635,-10.4789511801701,0.401557020906825,1.30554312877043,0,0,0
5636,-10.303548149453,0.471265965067294,1.25820937056774,0,0,0
5637,-10.0678272891096,0.482303362747575,1.33219086324033,0,0,0
5638,-9.79782405185337,0.415469214457345,1.40238539667318,0,0,0
5639,-9.56727212942722,0.382498311616222,1.3932329102524,0,0,0
5640,-9.2835964520194,0.388823478798628,1.3025031198856,0,0,0
5641,-9.0476595462591,0.329227917583346,1.24613685548323,0,0,0
5642,-8.9192728540166,0.301858634192302,1.21643175864229,0,0,0
5643,-8.85886572763473,0.330068335392827,1.24346446925962,0,0,0
5644,-8.77639171662505,0.414545719870967,1.23221827559109,0,0,0
5645,-8.70598811700212,0.512175836388836,1.17324859314138,0,0,0
5646,-8.70022088595535,0.588781172254583,1.10324313149573,0,0,0
5647,-8.73737364240688,0.620358955520287,1.02163750774942,0,0,0
5648,-8.72556144882909,0.638969265820977,0.985856610399461,0,0,0
5649,-8.65760088145686,0.608472119196968,0.958644989769193,0,0,0
5650,-8.61815667658835,0.542699123544557,0.9022244789313,0,0,0
5651,-8.59886619458933,0.468262783168144,0.845826605321665,0,0,0
5652,-8.63825466192892,0.410748546030368,0.755667332665043,0,0,0
5653,-8.72092434548635,0.367225692654271,0.672201498477202,0,0,0
5654,-8.81771996304741,0.346177840251573,0.627020489621011,0,0,0
5655,-8.88657351520423,0.320949003293453,0.586728003717726,0,0,0
5656,-8.95741461673773,0.330375694849664,0.534432214833565,0,0,0
5657,-8.99631326138302,0.380742317035268,0.45545071774582,0,0,0
5658,-9.04248105082645,0.437600070063326,0.360464062368346,0,0,0
5659,-9.08423736783499,0.498837923393206,0.3061240564812,0,0,0
5660,-9.09794028935224,0.521727883924514,0.312981160961496,0,0,0
5661,-9.05298598655935,0.520872831145844,0.245098144743872,0,0,0
5662,-8.9306198269,0.524013952291301,0.193356369705629,0,0,0
5663,-8.7897558645977,0.561637864808383,0.154536455121477,0,0,0
5664,-8.69371683528371,0.609423400510687,0.0684987607663232,0,0,0
5665,-8.63512248558903,0.651834576199429,0.0032065367967663,0,0,0
5666,-8.64638458528019,0.629232470140537,-0.0760060334060876,0,0,0
5667,-8.66161233178373,0.609494970991039,-0.123307981616264,0,0,0
5668,-8.74279297775144,0.606235417162242,-0.0419417353835373,0,0,0
5669,-8.99406073622038,0.547662091540767,0.0668932676877554,0,0,0
5670,-9.2664327686644,0.385775246620522,0.227702371027349,0,0,0
5671,-9.46896647496902,0.183924728764818,0.2345377511954,0,0,0
5672,-9.59675380823379,-0.000578449923518506,0.241595116016054,0,0,0
5673,-9.78355996772783,-0.154869008808702,0.402339351955564,0,0,0
5674,-10.1237985413107,-0.281643253049711,0.649174459547288,0,0,0
5675,-10.60217096654,-0.482083932318442,1.09416468290616,0,0,0
5676,-11.2724693843214,-0.729966822698616,1.54894462996898,0,0,0
5677,-11.9563690656448,-0.947887880974107,1.6921128475651,0,0,0
5678,-12.5134244754802,-0.911291140304274,1.53453525029147,0,0,0
5679,-12.8504389490437,-0.591148935895817,1.06434799590783,0,0,0
5680,-12.8145047761639,0.0276351734486832,0.311752374927169,0,0,0
5681,-12.0497882504463,0.559190693880876,0.118601882106741,0,0,0
5682,-10.8467838306855,0.60870980922647,0.646255107179952,0,0,0
5683,-9.8641094318365,0.1803092212014,1.4138773542892,0,0,0
5684,-9.39766542524841,-0.479169750837041,1.74647119477361,0,0,0
5685,-9.32536174988143,-1.08332892979001,1.53889644719214,0,0,0
5686,-9.40408617524989,-1.62572026131893,1.58263084180863,0,0,0
5687,-9.46883354397296,-2.0902420820787,1.82031938451221,0,0,0
5688,-9.45233010005841,-2.41891530531705,2.01263759792652,0,0,0
5689,-9.22260613526426,-2.53046451287928,2.09174883422196,0,0,0
5690,-8.96493854735406,-2.46087509276787,1.95344495478869,0,0,0
5691,-8.8622150980914,-2.22820750197759,1.77037432762139,0,0,0
5692,-8.8920898608652,-1.92659968905828,1.69544439363085,0,0,0
5693,-8.99340847073527,-1.63460395744108,1.70216702171519,0,0,0
5694,-9.22580493698283,-1.37492339469434,1.70411266880883,0,0,0
5695,-9.5300359722622,-1.22348476479225,1.7111200391812,0,0,0
5696,-9.85482645713426,-1.25696761013083,1.71334425655382,0,0,0
5697,-10.2409586300335,-1.45675560185777,1.55148279260731,0,0,0
5698,-10.4871300270974,-1.7385300187078,1.31225091672786,0,0,0
5699,-10.5215613909412,-1.93279991320228,1.13434077193469,0,0,0
5700,-10.3266489573077,-1.98984052537396,1.05296330458236,0,0,0
5701,-10.0810248372818,-1.95529165644966,1.0800578792637,0,0,0
5702,-9.84163434459394,-1.89025426048648,1.0952556298751,0,0,0
5703,-9.61714071211776,-1.80363577364626,1.10198157574625,0,0,0
5704,-9.55553948546259,-1.70794391611677,1.0702185944965,0,0,0
5705,-9.60919749145521,-1.6059779960253,0.959379474694701,0,0,0
5706,-9.53884056530502,-1.49471052904532,0.943404066313778,0,0,0
5707,-9.32896241795,-1.3700942178798,1.03347467017541,0,0,0
5708,-9.08595086269456,-1.31299791952516,1.0424784426829,0,0,0
5709,-8.96392668937409,-1.32616130783437,0.981429901097198,0,0,0
5710,-8.90687589905652,-1.39034238121021,0.922545348495002,0,0,0
5711,-8.84621896239228,-1.4647774328291,0.927485811600673,0,0,0
5712,-8.79111526279778,-1.53779814955257,0.929689478202342,0,0,0
5713,-8.76514600300599,-1.60787251332102,0.895868359510198,0,0,0
5714,-8.77162195417238,-1.68734221512676,0.872891023001182,0,0,0
5715,-8.75466477380575,-1.72076172902568,0.850618026503397,0,0,0
5716,-8.71618276349596,-1.70299157824829,0.807852988320674,0,0,0
5717,-8.67161056677424,-1.71786674682,0.737438537521013,0,0,0
5718,-8.63293813445829,-1.71132757741683,0.683392608241262,0,0,0
5719,-8.57285989588467,-1.6719649981799,0.624491437854538,0,0,0
5720,-8.47926886342552,-1.62199016647844,0.468341230928227,0,0,0
5721,-8.3814592399497,-1.56780517815701,0.341448112925894,0,0,0
5722,-8.3060168261958,-1.5497843780106,0.19289265480492,0,0,0
5723,-8.2546416412322,-1.61511466952741,0.0577043955400629,0,0,0
5724,-8.18965482184981,-1.80386969042701,0.0685739201862052,0,0,0
5725,-8.20129500705395,-2.02580931055969,0.193330357090087,0,0,0
5726,-8.26154023152239,-2.22070618170807,0.310927292655596,0,0,0
5727,-8.38920427894165,-2.24975112078139,0.327046457974682,0,0,0
5728,-8.65082826791017,-2.09465581494118,0.293273261744897,0,0,0
5729,-9.03649097581031,-1.83012607788008,0.376718275511404,0,0,0
5730,-9.66078934006107,-1.49959374561898,0.715181730532473,0,0,0
5731,-10.6269224579545,-1.1488609868745,1.02055067110114,0,0,0
5732,-11.6691279857838,-0.837273462987092,1.08198919312609,0,0,0
5733,-12.1533730333717,-0.554334536667554,0.689210589820639,0,0,0
5734,-12.1754340501982,-0.345471928733909,0.677420871347406,0,0,0
5735,-12.2875997356603,-0.31343968084769,1.15137861745286,0,0,0
5736,-12.4424870566839,-0.595848753522277,1.16788028387237,0,0,0
5737,-12.1363576489956,-1.05851217181051,1.02174625070876,0,0,0
5738,-11.4419446921861,-1.24822072824277,0.901301927314251,0,0,0
5739,-10.9269420149238,-1.14401511901324,1.06139939514372,0,0,0
5740,-10.7802960907585,-0.883857441277168,1.67093526679502,0,0,0
5741,-10.7640419244471,-0.541038158401401,2.11530801337323,0,0,0
5742,-10.6843206027907,-0.141618092971252,1.92304053387473,0,0,0
5743,-10.467517444021,0.273346986021361,1.74863926278622,0,0,0
5744,-10.0613815109549,0.662201581872011,1.72301508686071,0,0,0
5745,-9.54353738225001,0.958985115416814,1.82154108492659,0,0,0
5746,-8.94058446307994,1.20116001782669,1.97465542660424,0,0,0
5747,-8.45626266510773,1.37997429453147,2.04199496757617,0,0,0
5748,-8.21710374186686,1.47904645113197,1.89012051411947,0,0,0
5749,-8.12867832978193,1.51015368108145,1.62841529423852,0,0,0
5750,-8.12150453570962,1.46710949086561,1.45661399624916,0,0,0
5751,-8.09948867506033,1.34736709437743,1.49728574326311,0,0,0
5752,-8.16288283416366,1.23156090789486,1.63306126305053,0,0,0
5753,-8.39924563836104,1.19477563916108,1.61057649505228,0,0,0
5754,-8.80722003366082,1.19035520000514,1.45049370540971,0,0,0
5755,-9.30757298028461,1.19208823189353,1.33347442494453,0,0,0
5756,-9.70169908819213,1.13283133770434,1.4216928160668,0,0,0
5757,-9.89950903822893,0.992753760349303,1.44484623745724,0,0,0
5758,-10.0005973714425,0.885139686437255,1.34829236466977,0,0,0
5759,-9.98882794981628,0.823843955572656,1.17867013944408,0,0,0
5760,-9.96688771282785,0.726929318226374,1.07938181009232,0,0,0
5761,-9.91398056520852,0.649416667542331,1.1019190082006,0,0,0
5762,-9.77775585655066,0.59095427972562,1.14254499498436,0,0,0
5763,-9.61794898622344,0.572046522041367,1.12636118480862,0,0,0
5764,-9.49351343303488,0.549866707292833,1.0517690158966,0,0,0
5765,-9.40754550939122,0.562460924149358,0.941220264502619,0,0,0
5766,-9.30504791951078,0.612081730983779,0.961234272860782,0,0,0
5767,-9.18904848526794,0.663736647878692,0.974461463946768,0,0,0
5768,-9.06268054196371,0.695982502228421,0.974631155910107,0,0,0
5769,-8.99699688830674,0.692915003753931,0.922739594812583,0,0,0
5770,-8.98371747810649,0.69703267861601,0.891010239661011,0,0,0
5771,-8.98160114715816,0.706001995630522,0.879706396848653,0,0,0
5772,-8.97721797185639,0.701239142449888,0.879612435332028,0,0,0
5773,-8.98668589660142,0.72835900029249,0.88862413669324,0,0,0
5774,-9.00916546869785,0.760759789605909,0.911478606133543,0,0,0
5775,-9.0201110030287,0.763522455110178,0.963622162038642,0,0,0
5776,-9.01865530738764,0.787844301512493,0.954368898862126,0,0,0
5777,-9.01054729663082,0.823410081641476,0.838946161349424,0,0,0
5778,-8.93740715752782,0.903185046537485,0.800416715355811,0,0,0
5779,-8.82179621007527,1.00240795229644,0.847664150840406,0,0,0
5780,-8.78773994843225,1.11405259434929,0.847426357228442,0,0,0
5781,-8.83154697888576,1.20064880644373,0.786574028986584,0,0,0
5782,-8.89791295108414,1.12077508901154,0.81380617398695,0,0,0
5783,-9.05512086918955,0.902368542573015,0.888388076325889,0,0,0
5784,-9.24956104477317,0.667397477569803,0.94081121873949,0,0,0
5785,-9.47924257421356,0.502374623613617,1.1014988414059,0,0,0
5786,-9.79519821231267,0.367979470046388,1.081429084115,0,0,0
5787,-10.1116730096808,0.141675458519319,1.01186480093921,0,0,0
5788,-10.2867633343062,-0.185963860838161,1.05750203639341,0,0,0
5789,-10.3744964296597,-0.453998899967572,1.14612240814435,0,0,0
5790,-10.4625193928941,-0.601141928046241,1.1688276713404,0,0,0
5791,-10.4825137703971,-0.609690920978776,1.2367031914234,0,0,0
5792,-10.4918727227277,-0.468240086145777,1.36068461169325,0,0,0
5793,-10.4794455989294,-0.0994225984631196,1.38306034509192,0,0,0
5794,-10.5846091556014,0.378472179721644,1.3801710525001,0,0,0
5795,-10.695849963469,0.831924535740295,1.56270650060853,0,0,0
5796,-10.7432696076516,1.14100398651484,1.79984503685627,0,0,0
5797,-10.7896629773142,1.18839853299794,1.9622522515565,0,0,0
5798,-10.7380427110772,0.949605955418408,2.02138550713896,0,0,0
5799,-10.4181447929883,0.406914998747347,2.22276396855503,0,0,0
5800,-9.94340967480158,-0.401826243739502,2.3720916624914,0,0,0
5801,-9.43139471204743,-1.21901587135424,2.16266934873353,0,0,0
5802,-8.9497261453367,-1.86293277114215,1.72468103320379,0,0,0
5803,-8.49436898066643,-2.25437261449808,1.37245700737219,0,0,0
5804,-8.18557564921656,-2.36700391628974,1.25953848466401,0,0,0
5805,-8.1359436636289,-2.2444083532708,1.30670920601086,0,0,0
5806,-8.39709584315653,-2.00886409206121,1.36751781790598,0,0,0
5807,-8.81998345226414,-1.76772156393212,1.27287315935872,0,0,0
5808,-9.20007744541595,-1.56155944363133,1.19150160600817,0,0,0
5809,-9.46564557091462,-1.44470580406955,1.24359679808135,0,0,0
5810,-9.59555810095426,-1.36632023209161,1.39492433145298,0,0,0
5811,-9.80458336153481,-1.27768737978679,1.57791364069572,0,0,0
5812,-10.2360261860643,-1.30564652129005,1.53353642908733,0,0,0
5813,-10.7096410463137,-1.51697524633764,1.25108534587386,0,0,0
5814,-10.7699927208063,-1.7895693514918,0.969285423551084,0,0,0
5815,-10.3027200863096,-2.03228419748493,0.949386450346736,0,0,0
5816,-9.82925079157335,-2.21836697662,0.996315717506828,0,0,0
5817,-9.53846899495669,-2.33296090516588,0.890187544378034,0,0,0
5818,-9.3580340123004,-2.33130433968191,0.795205707527511,0,0,0
5819,-9.19572456734333,-2.2265652575556,0.769853141585717,0,0,0
5820,-9.14138148108707,-2.04906866029017,0.706772745239004,0,0,0
5821,-9.16071629365467,-1.8625558796078,0.550456129903335,0,0,0
5822,-9.12482490848974,-1.71021879138739,0.491546889187826,0,0,0
5823,-8.97550601231301,-1.5797320471576,0.563775815334332,0,0,0
5824,-8.78082855876552,-1.53641004569412,0.538370097361965,0,0,0
5825,-8.55229779619328,-1.55540641608277,0.450346724081726,0,0,0
5826,-8.38485203674006,-1.61467339129341,0.423002502627423,0,0,0
5827,-8.29459923444128,-1.69621145474954,0.48223496797434,0,0,0
5828,-8.24697226986713,-1.84764896721504,0.699283798840572,0,0,0
5829,-8.27760832680549,-1.98335775135113,1.0897015778052,0,0,0
5830,-8.47684175364239,-2.08379693620741,1.35419491505003,0,0,0
5831,-8.85903170580946,-2.11979837705709,1.41575599676151,0,0,0
5832,-9.28275294634489,-2.01881755508479,1.39089457316257,0,0,0
5833,-9.65857125017822,-1.81742754887576,1.16026740454681,0,0,0
5834,-9.83410553641827,-1.50800750322803,1.06106051993883,0,0,0
5835,-9.99564133896429,-1.17317017681109,1.17128955558331,0,0,0
5836,-10.3110230593439,-0.916273036743549,1.1802598235357,0,0,0
5837,-10.5424108181639,-0.847438187451366,0.945255969394359,0,0,0
5838,-10.5807282863384,-0.974918331286553,1.27310345583864,0,0,0
5839,-10.5937107634583,-1.13210797117126,1.84272731191092,0,0,0
5840,-10.7695316755998,-1.19078126644908,1.9351276940095,0,0,0
5841,-10.9769480721653,-0.87888131616785,1.941994379029,0,0,0
5842,-11.0730178575299,-0.256995346321635,1.68824429833382,0,0,0
5843,-10.9505280166171,0.310847426498767,1.18644052754737,0,0,0
5844,-10.5442483211222,0.551302080267656,1.19033535306263,0,0,0
5845,-10.0632140456506,0.388465161619464,1.63315598131629,0,0,0
5846,-9.80334996451051,0.0304543027275945,1.8837802914206,0,0,0
5847,-9.76965552310587,-0.255763207650235,1.69415188661388,0,0,0
5848,-9.84530209247068,-0.417887671124176,1.35577945415951,0,0,0
5849,-9.76644456856939,-0.410084725638756,1.26537568551814,0,0,0
5850,-9.49225751598303,-0.244192164554483,1.35968532053911,0,0,0
5851,-9.16115186378633,0.00578443144363632,1.34857560356359,0,0,0
5852,-8.9067687863827,0.254924315558029,1.13309780543998,0,0,0
5853,-8.80220607874282,0.487179712381378,0.970163313329944,0,0,0
5854,-8.77800816962881,0.700941101903813,0.956656093678679,0,0,0
5855,-8.82494145786187,0.900970487540098,0.974158529023335,0,0,0
5856,-8.92343643721848,1.02216794072928,0.920081178529997,0,0,0
5857,-9.06649755182883,1.07383636638618,0.845492192113223,0,0,0
5858,-9.18902500400402,1.12542019925515,0.721297070871317,0,0,0
5859,-9.24596157355317,1.1646882134604,0.603847178349145,0,0,0
5860,-9.28403682607442,1.17702583977103,0.527260695891707,0,0,0
5861,-9.27929948555717,1.12694160879979,0.488625763252375,0,0,0
5862,-9.28654518769256,1.04200127347935,0.518275532533872,0,0,0
5863,-9.3184119559013,0.921111796923591,0.536494155557618,0,0,0
5864,-9.38686788130438,0.793479655852934,0.561230763668496,0,0,0
5865,-9.44408828405165,0.695332167422952,0.538691192769644,0,0,0
5866,-9.43609804852674,0.632448396128091,0.545625078271919,0,0,0
5867,-9.34821188143149,0.633189513013389,0.615581796880963,0,0,0
5868,-9.27885705313768,0.663438759815306,0.701329445697987,0,0,0
5869,-9.26058213612134,0.647362182962693,0.741988854127512,0,0,0
5870,-9.29549908012495,0.575997699580847,0.74208813730603,0,0,0
5871,-9.32470458174392,0.469170990924801,0.72895873122326,0,0,0
5872,-9.33663897244506,0.37043382933297,0.74939906065061,0,0,0
5873,-9.33261760036564,0.235056392354053,0.794519728749492,0,0,0
5874,-9.36245152634149,0.164132123890095,0.846850900529207,0,0,0
5875,-9.40485566265773,0.121849321792023,0.912326632525978,0,0,0
5876,-9.47042409122087,0.118183525491593,0.955190982304542,0,0,0
5877,-9.53817233560991,0.12377142052323,0.966522960235219,0,0,0
5878,-9.61091512333124,0.133541473902014,0.986696054803654,0,0,0
5879,-9.65274252953991,0.0917797652468725,1.09763061368088,0,0,0
5880,-9.73523029506023,0.041488472945997,1.215280794905,0,0,0
5881,-9.91567859251018,0.0444266892311137,1.2176562484268,0,0,0
5882,-10.034054023934,0.10010929548915,1.22209697065923,0,0,0
5883,-10.0705548659185,0.271601643293683,1.35303151158087,0,0,0
5884,-10.1341558131671,0.420679049529688,1.47478229725645,0,0,0
5885,-10.2735378767303,0.553602717786272,1.58559444450068,0,0,0
5886,-10.4682453267515,0.713723050540482,1.60343094778888,0,0,0
5887,-10.5864612811104,0.785543622998288,1.59223560981755,0,0,0
5888,-10.4740355935916,0.675906349701267,1.68497456088027,0,0,0
5889,-10.1548519895759,0.459326359827368,1.750491669096,0,0,0
5890,-9.86681729183746,0.223185916921447,1.66246751662315,0,0,0
5891,-9.67244452359193,0.0879082382904823,1.53619347785881,0,0,0
5892,-9.61345771006804,0.0325315854268372,1.42977379276616,0,0,0
5893,-9.62723324614038,0.0531320382036304,1.29424661548756,0,0,0
5894,-9.65516324797511,0.0573448641472153,1.2645161865382,0,0,0
5895,-9.61810072981522,0.0302223864225519,1.37773650066508,0,0,0
5896,-9.52850554285569,-0.0861394583349116,1.43868685646618,0,0,0
5897,-9.3648052311408,-0.277134014641126,1.32830267599537,0,0,0
5898,-9.18749416603963,-0.509348128466668,1.18152915395418,0,0,0
5899,-8.994247710983,-0.741722578966639,1.12066676733983,0,0,0
5900,-8.81692565772314,-0.978532883679935,1.0710166286954,0,0,0
5901,-8.66682430014073,-1.20360960163374,0.976200408901848,0,0,0
5902,-8.62244586185195,-1.3947511566644,0.884061222345594,0,0,0
5903,-8.66299741472991,-1.57221082517821,0.863661754174214,0,0,0
5904,-8.76697978771226,-1.78333463721833,0.864340484899444,0,0,0
5905,-8.91976839524284,-2.00408235223148,0.825896969285408,0,0,0
5906,-9.05226354059997,-2.17498188016069,0.796805703139192,0,0,0
5907,-9.13734920785111,-2.29871625620813,0.761241842308083,0,0,0
5908,-9.20013497828295,-2.35664396533007,0.724919396360679,0,0,0
5909,-9.32347308275357,-2.3859172527516,0.718353169380089,0,0,0
5910,-9.55286437571804,-2.38613556944068,0.721053359970883,0,0,0
5911,-9.82911327811977,-2.35292579542725,0.696068545154287,0,0,0
5912,-10.0291550533231,-2.26204247770156,0.569528101977352,0,0,0
5913,-10.0869930495031,-2.16884566856149,0.485899880930608,0,0,0
5914,-10.0113762532703,-2.07751011654058,0.44980805844688,0,0,0
5915,-9.93453974051187,-1.98944925740365,0.503579428688627,0,0,0
5916,-9.94230999636668,-1.91726165953937,0.555551410278423,0,0,0
5917,-9.92037023582432,-1.85661172136629,0.605353637947884,0,0,0
5918,-9.8680913586747,-1.78158607567613,0.607208343194724,0,0,0
5919,-9.73397524873137,-1.70729900615303,0.566385541863236,0,0,0
5920,-9.56297374745215,-1.6830841515607,0.541401631571577,0,0,0
5921,-9.42518038963748,-1.68745376949894,0.597875516125622,0,0,0
5922,-9.36450650177225,-1.74139408398891,0.69558925230586,0,0,0
5923,-9.36803082463251,-1.81804576820339,0.783661099854473,0,0,0
5924,-9.33636244785253,-1.86182301711348,0.783398052861892,0,0,0
5925,-9.22685948983055,-1.91727204994985,0.858109524043256,0,0,0
5926,-9.16313738942151,-1.99310381303072,0.916582483654873,0,0,0
5927,-9.11595057734783,-2.11294493304566,1.02292785254805,0,0,0
5928,-9.14167977188662,-2.22312726185865,1.10643777043892,0,0,0
5929,-9.16498273892993,-2.32398433853776,1.01160451528221,0,0,0
5930,-9.15451773273276,-2.42319094069723,0.961918495156266,0,0,0
5931,-9.15987862720871,-2.4766428298164,1.08423023612849,0,0,0
5932,-9.31330652506624,-2.49022668811617,1.24235122636943,0,0,0
5933,-9.57053769181118,-2.45187104261634,1.16362294672116,0,0,0
5934,-9.82718987452249,-2.3488871587358,1.09583076253339,0,0,0
5935,-10.0320977492327,-2.21264885024117,1.01235056092457,0,0,0
5936,-10.197726028486,-2.03721929876033,1.0098231593122,0,0,0
5937,-10.3886199034892,-1.78425235231569,1.03923396457382,0,0,0
5938,-10.5572192059942,-1.53177495524233,0.84483972184514,0,0,0
5939,-10.5143812189419,-1.37940272027648,0.822159280402385,0,0,0
5940,-10.2361837154878,-1.30099016543188,1.03645492548685,0,0,0
5941,-10.0369343735632,-1.23715838833365,1.02476954172143,0,0,0
5942,-9.91316300156305,-1.21656361350915,0.900443641090039,0,0,0
5943,-9.86872448680918,-1.20425207903599,0.974741870682303,0,0,0
5944,-9.85818427209202,-1.12529009715021,1.07205745356687,0,0,0
5945,-9.82485846160635,-1.05555193005387,1.04062886516478,0,0,0
5946,-9.68664701963952,-0.984029076746356,1.07188875729306,0,0,0
5947,-9.5211974676034,-0.933445298628107,1.34933765870586,0,0,0
5948,-9.46133690911446,-0.880734842395091,1.59768493383412,0,0,0
5949,-9.57791548739734,-0.750237870111908,1.69276964743919,0,0,0
5950,-9.82289510086802,-0.544191222527006,1.58411072697578,0,0,0
5951,-9.98659255345982,-0.293744560148437,1.46895659909946,0,0,0
5952,-9.95031601490885,-0.0290745582250504,1.4686503854448,0,0,0
5953,-9.74274584459128,0.203001083583495,1.46797825653377,0,0,0
5954,-9.46485126954406,0.358844624108872,1.47478534414893,0,0,0
5955,-9.24323717670803,0.419808591430099,1.50590628895788,0,0,0
5956,-9.1955151555405,0.396532110262391,1.52396794274931,0,0,0
5957,-9.25677970844004,0.394899265405169,1.5193022244997,0,0,0
5958,-9.34261971863653,0.405321143650215,1.48998670285377,0,0,0
5959,-9.39744181241944,0.462650519138274,1.44940326552702,0,0,0
5960,-9.3876139176105,0.563837851123646,1.45390162319505,0,0,0
5961,-9.38562523651121,0.680093596079831,1.47155825931445,0,0,0
5962,-9.3921996018357,0.831184509761103,1.48966134584449,0,0,0
5963,-9.36547362760814,0.976646808272423,1.50972017516644,0,0,0
5964,-9.32935116430182,1.12460963377259,1.51866828934545,0,0,0
5965,-9.29722335913991,1.25719776020915,1.43738811206666,0,0,0
5966,-9.22239810591588,1.37524807816442,1.31750826824446,0,0,0
5967,-9.14353243959606,1.48131303436375,1.27414265732226,0,0,0
5968,-9.13106521530145,1.55539504240734,1.36449417009676,0,0,0
5969,-9.23047461034012,1.60482390137051,1.36253604873939,0,0,0
5970,-9.34488246452604,1.61194039816,1.21608500618194,0,0,0
5971,-9.38192925004214,1.58880983652417,1.07994899583774,0,0,0
5972,-9.32091397925409,1.5810789399884,1.07314092388071,0,0,0
5973,-9.25931457145175,1.54877718373023,1.09807465183985,0,0,0
5974,-9.24259837775673,1.47860722432937,1.10933528886849,0,0,0
5975,-9.25236075008334,1.38431464332944,1.14557951513183,0,0,0
5976,-9.27364002216695,1.30597414754453,1.15471147226046,0,0,0
5977,-9.40058576202745,1.23427410252295,1.13925404138235,0,0,0
5978,-9.53282544206432,1.18472134536692,1.14391195071393,0,0,0
5979,-9.5806505537653,1.17360987423465,1.19787387314605,0,0,0
5980,-9.60687344139689,1.12233741302994,1.19568738056102,0,0,0
5981,-9.58037082398886,1.03222423666861,1.15972439078135,0,0,0
5982,-9.54957100738521,0.953229352258001,1.17117683810123,0,0,0
5983,-9.50753059794305,0.899108373453475,1.24150975022415,0,0,0
5984,-9.48720321797804,0.871394317841939,1.25488563377083,0,0,0
5985,-9.44435002013832,0.870691160831107,1.25937502861616,0,0,0
5986,-9.36320111389844,0.857877359922686,1.31118617360192,0,0,0
5987,-9.29279859983,0.827511613304208,1.3066545642082,0,0,0
5988,-9.27593434035017,0.775780496655061,1.25936417557829,0,0,0
5989,-9.31324098214623,0.699752874258372,1.26840854854295,0,0,0
5990,-9.3591420275509,0.631084669661416,1.38163233422767,0,0,0
5991,-9.36257730480657,0.563663196246333,1.41784361242347,0,0,0
5992,-9.34820401946185,0.514029075840068,1.36593982153107,0,0,0
5993,-9.35180981254997,0.432755812884231,1.38164752428653,0,0,0
5994,-9.3799627992054,0.226492830500818,1.29831880414848,0,0,0
5995,-9.35767192952168,-0.0346390888923728,1.30535802048741,0,0,0
5996,-9.23184767035707,-0.332025683025332,1.57181671822785,0,0,0
5997,-9.15946061585314,-0.618724633153577,1.78221750080187,0,0,0
5998,-9.10036404915507,-0.781568644992154,1.98797757245579,0,0,0
5999,-9.07563933898142,-0.802744954731981,2.31989976642135,0,0,0
6000,-9.31049405639598,-0.771811994300528,2.37432363515862,0,0,0
6001,-9.70920954503773,-0.616108230788943,1.93870773570902,0,0,0
6002,-9.86849460859086,-0.303978396364565,1.68504393992777,0,0,0
6003,-9.91229670591188,0.0703533229588296,1.9696360803637,0,0,0
6004,-10.0267886656958,0.330857676951462,2.21580903604835,0,0,0
6005,-10.0680179696136,0.477237407110223,2.05277823362698,0,0,0
6006,-9.90901988087611,0.457585038168207,1.73452003101901,0,0,0
6007,-9.62606494551505,0.237028223423221,1.50400159074216,0,0,0
6008,-9.29859121154244,-0.101403256965137,1.33898142083734,0,0,0
6009,-8.99239334233062,-0.429132259689706,1.15204829616678,0,0,0
6010,-8.73159178930787,-0.674050663701569,0.926086412398244,0,0,0
6011,-8.65271214738138,-0.803302231314965,0.770329878645859,0,0,0
6012,-8.83548837255491,-0.793519718210272,0.713976581573391,0,0,0
6013,-9.21072509825988,-0.715158546263517,0.775316652955787,0,0,0
6014,-9.56881908008922,-0.644769062515941,0.840689928784152,0,0,0
6015,-9.81509158235258,-0.730341225905093,0.884050171113442,0,0,0
6016,-9.94622807281908,-0.995829367719476,0.821084062552163,0,0,0
6017,-9.94285520633721,-1.32146358704878,0.64761477530169,0,0,0
6018,-9.89915613600789,-1.64575204645767,0.528226857949444,0,0,0
6019,-9.82171519369539,-1.95473467946313,0.467619648769835,0,0,0
6020,-9.72810307985652,-2.16304312537989,0.4406765293502,0,0,0
6021,-9.6513438052571,-2.26710350611583,0.391337517506946,0,0,0
6022,-9.60722359227072,-2.26638648919166,0.302740000074732,0,0,0
6023,-9.56369473405112,-2.15674860945931,0.286880832877287,0,0,0
6024,-9.50526807064811,-1.9820297556421,0.318469103584503,0,0,0
6025,-9.4837045770219,-1.78690684389032,0.410848208019234,0,0,0
6026,-9.47526576467947,-1.60489512990747,0.523673609508468,0,0,0
6027,-9.54615160698878,-1.43562039798088,0.624983215923608,0,0,0
6028,-9.65658432411917,-1.26701284769246,0.717767279849918,0,0,0
6029,-9.83860449111482,-1.0964946658421,0.823378351519575,0,0,0
6030,-10.071978732744,-0.869905236060838,0.949964507901847,0,0,0
6031,-10.303324178403,-0.618473478286219,1.11953107734887,0,0,0
6032,-10.4656110082225,-0.400890784181009,1.22065938325151,0,0,0
6033,-10.4426994782517,-0.277580938141802,1.35612291177224,0,0,0
6034,-10.2724861741265,-0.201701847467339,1.55929590197691,0,0,0
6035,-10.0579896883826,-0.11132226873978,1.70567331624712,0,0,0
6036,-9.9622797691723,-0.0114006258941621,1.76215815226289,0,0,0
6037,-10.12576784964,0.058724221143589,1.74186500637485,0,0,0
6038,-10.4442285198035,0.120640271127276,1.608946024021,0,0,0
6039,-10.7157061582962,0.135843954582207,1.31737239186961,0,0,0
6040,-10.7746494841753,0.0429368184730671,0.985596094146776,0,0,0
6041,-10.528229728081,-0.118164824349881,0.911167093524704,0,0,0
6042,-10.1365014724873,-0.374421713069715,1.06014941047272,0,0,0
6043,-9.86074883405706,-0.654899981544511,1.11024128715936,0,0,0
6044,-9.67610796810834,-0.840964958664877,1.13694017054361,0,0,0
6045,-9.56014638296732,-0.912740337309021,1.1481365566559,0,0,0
6046,-9.54693271231587,-0.856210544015311,1.16416515561466,0,0,0
6047,-9.58790592530544,-0.677659733127592,1.06472084361007,0,0,0
6048,-9.53151228747701,-0.40207901794992,1.06438962182511,0,0,0
6049,-9.38988461758633,-0.0895740382393064,1.15214249630774,0,0,0
6050,-9.30672782871219,0.176117006702549,1.22388661195906,0,0,0
6051,-9.24890672062352,0.338885462419057,1.22574164649237,0,0,0
6052,-9.21089711713864,0.411026901075014,1.17859273843396,0,0,0
6053,-9.16723147293576,0.461438063771764,1.17596385735949,0,0,0
6054,-9.12900315368606,0.50637696580433,1.15810952823114,0,0,0
6055,-9.12770309716682,0.516872445262793,1.10576674314651,0,0,0
6056,-9.13009729542089,0.539628845704685,1.06518564184109,0,0,0
6057,-9.14822631974599,0.558114693008082,1.05398108195625,0,0,0
6058,-9.14234776854728,0.611955361441018,1.06747122684016,0,0,0
6059,-9.1357943305814,0.659562177936918,1.14223667578709,0,0,0
6060,-9.1827210363411,0.672184277957239,1.11318078176336,0,0,0
6061,-9.2463477107232,0.679644152053011,1.04752496153399,0,0,0
6062,-9.26422798711736,0.696091381865398,1.02060853070497,0,0,0
6063,-9.25391466264845,0.756660744439281,0.98214158840873,0,0,0
6064,-9.20102630481227,0.79801469160025,0.89594871988783,0,0,0
6065,-9.12534885116403,0.871154133976109,0.902692237110858,0,0,0
6066,-9.05708429167813,0.957471101228768,0.945371506373416,0,0,0
6067,-9.0805132927084,1.04603658025409,1.0201133724578,0,0,0
6068,-9.20624921141694,1.0989497297092,1.06718658081905,0,0,0
6069,-9.3288760396338,1.12755752736378,1.03994287389684,0,0,0
6070,-9.41838819469194,1.11375976372575,0.96115914878552,0,0,0
6071,-9.40899167307557,1.0797329750183,0.920438841588001,0,0,0
6072,-9.36065357130679,1.03872455809678,1.06293227434297,0,0,0
6073,-9.34458154683367,1.01815376345589,1.13521764594852,0,0,0
6074,-9.38211826351871,0.957906761951598,1.10359097347843,0,0,0
6075,-9.42880212769495,0.868004155001893,1.06493836845134,0,0,0
6076,-9.44031825015535,0.769676856772488,1.06298415353861,0,0,0
6077,-9.45733700850332,0.709319587136063,1.00659547524288,0,0,0
6078,-9.50919564787129,0.680463860604529,1.08777749041477,0,0,0
6079,-9.5946545666182,0.672903732824839,1.23474569907235,0,0,0
6080,-9.67711352571712,0.650086584822998,1.25318078922588,0,0,0
6081,-9.73313657674633,0.617116112160285,1.22379599056382,0,0,0
6082,-9.79014615083379,0.603726802592501,1.27089512777521,0,0,0
6083,-9.78313876435955,0.633464589812373,1.41353178157499,0,0,0
6084,-9.73137908753358,0.650754345750517,1.45648736528439,0,0,0
6085,-9.67557700168355,0.649290551962963,1.42680357329656,0,0,0
6086,-9.62639168264757,0.602319824825846,1.36857631470553,0,0,0
6087,-9.60863382327404,0.590292249400955,1.47002158422778,0,0,0
6088,-9.59535626057923,0.576080330535854,1.58050683055302,0,0,0
6089,-9.59906599614063,0.542698010243817,1.50384893667306,0,0,0
6090,-9.57986079789868,0.486450148160718,1.43849315953804,0,0,0
6091,-9.5428319594093,0.427377685570424,1.45885861200408,0,0,0
6092,-9.55151659840487,0.379878102061713,1.50163673062884,0,0,0
6093,-9.59629690498634,0.348976385216087,1.46998385043834,0,0,0
6094,-9.58538229873839,0.359880484633441,1.4359907357852,0,0,0
6095,-9.54250486981045,0.395733135208452,1.43395225572338,0,0,0
6096,-9.55705969566363,0.445209640355813,1.45414075240748,0,0,0
6097,-9.56151367055904,0.440759845864054,1.47899276080993,0,0,0
6098,-9.51237058739544,0.361676902584136,1.65324070339189,0,0,0
6099,-9.46060494372437,0.228170811833212,1.6827099347334,0,0,0
6100,-9.41348880769113,0.0741573441128812,1.49961219755987,0,0,0
6101,-9.30515693614365,-0.0852287655438019,1.56737172979761,0,0,0
6102,-9.19410180272615,-0.244311037086394,1.84772118822067,0,0,0
6103,-9.14103453682848,-0.351425256485071,2.04862279591958,0,0,0
6104,-9.1330856098555,-0.412073546755032,2.06232862511626,0,0,0
6105,-9.1052279688627,-0.443683747952317,1.94499312391301,0,0,0
6106,-9.000524002392,-0.462722158489062,1.86843798292973,0,0,0
6107,-8.94016875799532,-0.429978535255747,1.86158724969217,0,0,0
6108,-9.02740642603813,-0.354611892895874,1.72811895745791,0,0,0
6109,-9.16493413948618,-0.183139740550109,1.49332761394125,0,0,0
6110,-9.19123452350488,0.0146755757673336,1.36185049690905,0,0,0
6111,-9.10790098215941,0.017731673302396,1.43858322885032,0,0,0
6112,-9.06809903946036,-0.18714018977502,1.47736195411802,0,0,0
6113,-9.09278484034428,-0.453935666419147,1.36257149476293,0,0,0
6114,-9.12267688684097,-0.588744729149008,1.22015805995088,0,0,0
6115,-9.28392157209697,-0.600941884931059,1.07611352486433,0,0,0
6116,-9.58503977839323,-0.53542222140421,0.976771174148351,0,0,0
6117,-9.87230449276075,-0.5017735376586,0.861547285242569,0,0,0
6118,-10.0418310390994,-0.490223137028472,0.875103007721508,0,0,0
6119,-10.1047394783594,-0.509564404522506,1.0016454340718,0,0,0
6120,-10.1458644745625,-0.61684227055824,1.04469997089101,0,0,0
6121,-10.2106276241143,-0.804756001345845,0.999675890740646,0,0,0
6122,-10.2376577313809,-1.0328609812488,1.00257960008211,0,0,0
6123,-10.2420637624871,-1.22004940871451,1.1131639813873,0,0,0
6124,-10.2730279744955,-1.36299771459718,1.24462140455327,0,0,0
6125,-10.3464283270652,-1.46352605442235,1.25352428987442,0,0,0
6126,-10.2544089644943,-1.47918366411269,1.36160415001236,0,0,0
6127,-10.0629930112391,-1.40507439788008,1.48158028409607,0,0,0
6128,-9.86417470615889,-1.31424395773887,1.45631583392829,0,0,0
6129,-9.71403849536134,-1.24229037217611,1.42687348747844,0,0,0
6130,-9.61810828607587,-1.17865755314656,1.42222472851664,0,0,0
6131,-9.55770302623405,-1.1595365054393,1.36560428033534,0,0,0
6132,-9.49665872235668,-1.16721984787949,1.31362473821064,0,0,0
6133,-9.43632121520039,-1.24419192442749,1.24835965335686,0,0,0
6134,-9.40545932227695,-1.35959059300936,1.13308343732712,0,0,0
6135,-9.35346236340986,-1.49286612725429,1.11747680857277,0,0,0
6136,-9.32463836400245,-1.58753990667357,1.09281021177901,0,0,0
6137,-9.29508396761349,-1.61288320355873,1.04529169402244,0,0,0
6138,-9.32722862890059,-1.60376270876146,1.06995571317207,0,0,0
6139,-9.42674447172208,-1.5613326953046,1.09275426152121,0,0,0
6140,-9.52536839491092,-1.49733923647665,1.09472244281394,0,0,0
6141,-9.48374518659267,-1.38969237103938,1.21908909195121,0,0,0
6142,-9.47370829659536,-1.20834698100125,1.41067622737821,0,0,0
6143,-9.67280793932919,-0.984188226876573,1.5374318802931,0,0,0
6144,-10.0053807058448,-0.710122937068425,1.69724223215585,0,0,0
6145,-10.3477653482235,-0.439117922411108,1.89612607990671,0,0,0
6146,-10.5473331106626,-0.217590834500018,1.86675648824856,0,0,0
6147,-10.5163191716101,-0.0517814013270304,1.71965682120426,0,0,0
6148,-10.3464585924911,0.0171675342476116,1.38265632201344,0,0,0
6149,-10.0587658608577,-0.0387233350983301,1.09352259125952,0,0,0
6150,-9.74615919415231,-0.239009247300076,1.09597857112539,0,0,0
6151,-9.56547167098493,-0.547914623243067,1.14126317121911,0,0,0
6152,-9.51260808142506,-0.874572866667085,1.17103347076022,0,0,0
6153,-9.50856399121783,-1.13559658335371,1.17798884715542,0,0,0
6154,-9.4978928247985,-1.35123178821117,1.20550609655876,0,0,0
6155,-9.48554769239195,-1.43031899835528,1.22581349410542,0,0,0
6156,-9.43025799181041,-1.32959830839898,1.31404080467543,0,0,0
6157,-9.36263552189023,-1.09077326098644,1.35862554423605,0,0,0
6158,-9.29889879564186,-0.725601482911386,1.37616685662969,0,0,0
6159,-9.2869108872925,-0.343502254162051,1.42101872202836,0,0,0
6160,-9.28067243799086,-0.0288796707163475,1.59242610012391,0,0,0
6161,-9.22814721438501,0.187946932580403,1.75919886062916,0,0,0
6162,-9.25569815161568,0.359315855793066,1.68901883852207,0,0,0
6163,-9.25804872640888,0.496427473378472,1.55552308598656,0,0,0
6164,-9.16966554208096,0.621084589248147,1.53961694256715,0,0,0
6165,-9.01351640317237,0.708140265501664,1.65451202247958,0,0,0
6166,-8.88305807210699,0.70106712551045,1.71070642088295,0,0,0
6167,-8.80066467611527,0.652942171647614,1.67927359368001,0,0,0
6168,-8.6693117062068,0.621664835219592,1.59791093961366,0,0,0
6169,-8.53204330031325,0.623649180199192,1.67225505489193,0,0,0
6170,-8.47814359215989,0.633926318177126,1.75125838412884,0,0,0
6171,-8.48096460115512,0.622040808798497,1.66732408354937,0,0,0
6172,-8.4573202868985,0.609056911428696,1.56606787895159,0,0,0
6173,-8.43454886203317,0.592882844252267,1.62931007673203,0,0,0
6174,-8.49777561609726,0.596105800181104,1.68129592073337,0,0,0
6175,-8.57865578266786,0.577177911150304,1.69492133662972,0,0,0
6176,-8.69085157348565,0.552131956754095,1.78320236394129,0,0,0
6177,-8.87124275018231,0.552854975311101,1.75396011774963,0,0,0
6178,-9.04180952658805,0.540478360803274,1.75888981388595,0,0,0
6179,-9.18847913395442,0.517657531724211,1.84690533780562,0,0,0
6180,-9.31616433122237,0.449772871732392,1.92601744226359,0,0,0
6181,-9.3665021086638,0.3880832874006,2.06643326223944,0,0,0
6182,-9.38238643169497,0.353975848395435,2.12717658756305,0,0,0
6183,-9.38885947351301,0.361212941633753,2.12736310838858,0,0,0
6184,-9.3605643023426,0.382558221540621,2.21286250165408,0,0,0
6185,-9.34426613167583,0.412448002035392,2.2494312637869,0,0,0
6186,-9.30821306924136,0.402705681081839,2.21996145044214,0,0,0
6187,-9.2597692092448,0.421301626719102,2.28502857687375,0,0,0
6188,-9.25882975757434,0.49990899540447,2.3368914002145,0,0,0
6189,-9.25221273320358,0.650495188861542,2.2599349486745,0,0,0
6190,-9.30600030651575,0.784280526418866,2.18087291664809,0,0,0
6191,-9.39419196618909,0.826626067297929,2.13138775237352,0,0,0
6192,-9.42309762851696,0.784062131515617,2.25106164200026,0,0,0
6193,-9.42635075702741,0.693991435793939,2.26009924640507,0,0,0
6194,-9.38764811991531,0.536083332503274,2.18570889497815,0,0,0
6195,-9.35513855387124,0.365094402118527,2.18831790358291,0,0,0
6196,-9.32776899396616,0.195876348591144,2.17031657893026,0,0,0
6197,-9.27503159135545,0.00624800980165511,2.11401933775556,0,0,0
6198,-9.22717894724287,-0.165449347953099,2.18192763675617,0,0,0
6199,-9.2289346916217,-0.196913904743326,2.2022894781571,0,0,0
6200,-9.1774886928686,-0.170764665892511,2.19093453781213,0,0,0
6201,-9.12403410804029,-0.167716272799625,2.19286959635068,0,0,0
6202,-9.07702646312268,-0.159701219585294,2.21080352051736,0,0,0
6203,-9.06121463529354,-0.128026476528775,2.31719684082686,0,0,0
6204,-9.11587939916188,-0.0659657790313688,2.2315310126937,0,0,0
6205,-9.1506835257645,-0.00236383770766963,2.14566075627207,0,0,0
6206,-9.18277591239425,0.0524328095759706,2.20453627357468,0,0,0
6207,-9.24192208031047,0.0825797321548493,2.24293907879547,0,0,0
6208,-9.21918625325225,0.0458517125908998,2.24729052592228,0,0,0
6209,-9.13234382391882,-0.0344928998344986,2.48220956175109,0,0,0
6210,-9.10785758178602,-0.131251264363664,2.55701830585085,0,0,0
6211,-9.11604154905894,-0.20563121220112,2.50722537718133,0,0,0
6212,-9.17439194332752,-0.224969856298523,2.56149044847187,0,0,0
6213,-9.30134890846091,-0.193813111876915,2.50949998389228,0,0,0
6214,-9.44311659303214,-0.207111061873162,2.38990418289889,0,0,0
6215,-9.53045984787676,-0.246208821408247,2.44420964640129,0,0,0
6216,-9.61391895798071,-0.265485430767083,2.64520402867263,0,0,0
6217,-9.69416596409119,-0.331713001730907,2.55714906959899,0,0,0
6218,-9.73546859439783,-0.423121389673622,2.47822383253121,0,0,0
6219,-9.79372740384132,-0.527029153012753,2.62113609528113,0,0,0
6220,-9.79942883130562,-0.617227180160482,2.61427130023305,0,0,0
6221,-9.74500809268319,-0.651978181500796,2.39500153095969,0,0,0
6222,-9.67089467470033,-0.623850444958381,2.46729124874642,0,0,0
6223,-9.66740049114413,-0.556476318327385,2.65251441308756,0,0,0
6224,-9.61446694712715,-0.48544941979904,2.69531631553049,0,0,0
6225,-9.43884567711251,-0.383482593448474,2.7556946692113,0,0,0
6226,-9.33450172895214,-0.258950693232155,2.78730133202,0,0,0
6227,-9.28954171555613,-0.195865183681053,2.68368762675276,0,0,0
6228,-9.250358489723,-0.147631699195451,2.69236109803967,0,0,0
6229,-9.26382139886556,-0.158837411614324,2.86629195837338,0,0,0
6230,-9.27830708122329,-0.212136589275635,2.83492702162622,0,0,0
6231,-9.24812738008282,-0.257383611119122,2.64297699991871,0,0,0
6232,-9.14446776409445,-0.275108616755004,2.56594656489997,0,0,0
6233,-8.99068882401985,-0.29094775511084,2.5998342619233,0,0,0
6234,-8.90470064013557,-0.337778671386605,2.68320513620281,0,0,0
6235,-8.94221677567934,-0.379801191866491,2.78952215868943,0,0,0
6236,-8.99319705009342,-0.405474137117308,2.70394658986373,0,0,0
6237,-9.01102121725969,-0.404962179629542,2.67469098738361,0,0,0
6238,-9.01465112963802,-0.374283931673663,2.76010865298797,0,0,0
6239,-9.06873471277845,-0.361919454725202,2.71053726107479,0,0,0
6240,-9.05708085324923,-0.395973375387408,2.66755849373734,0,0,0
6241,-9.03840708928959,-0.44371572757652,2.88441997111234,0,0,0
6242,-9.05579497952448,-0.465717369579117,3.05855331072253,0,0,0
6243,-9.03674711781328,-0.423807180809988,2.9836806926531,0,0,0
6244,-9.0164236062359,-0.398992025879633,2.94769193234358,0,0,0
6245,-9.00634810483769,-0.340979049115624,3.02206210804429,0,0,0
6246,-8.99165912424085,-0.262380404068629,3.05142412433833,0,0,0
6247,-8.97930827749964,-0.211157303809359,2.95405437090282,0,0,0
6248,-9.09924428140207,-0.186761867200264,2.99024533913958,0,0,0
6249,-9.34750393949291,-0.178338196042624,3.10107165516305,0,0,0
6250,-9.37841471031698,-0.190867515312123,3.03353656013817,0,0,0
6251,-9.07913444523162,-0.155367899521937,3.11460823424386,0,0,0
6252,-8.86589618507617,-0.0959263175957731,3.13924734161136,0,0,0
6253,-8.9533539080352,-0.123669292322089,3.08738794447584,0,0,0
6254,-9.14949518543228,-0.136335217399801,3.02645634731121,0,0,0
6255,-9.18725831524104,-0.16938619924098,2.97682808155845,0,0,0
6256,-9.24415841009243,-0.233090064226943,3.16928851996142,0,0,0
6257,-9.26975856676103,-0.212914578467884,3.25492166461928,0,0,0
6258,-9.15326569459663,-0.140232365455455,3.24140317012033,0,0,0
6259,-9.07523079221808,-0.108097575000967,3.17563066408037,0,0,0
6260,-9.03464287331406,-0.115564601423162,3.05355480559222,0,0,0
6261,-8.95553481735491,-0.125819154597511,3.02866884152098,0,0,0
6262,-8.83089140543221,-0.166125933473029,3.08509317706558,0,0,0
6263,-8.77238187605686,-0.290685532045217,3.23434663981654,0,0,0
6264,-8.84297846589555,-0.374787043159636,3.25264569863488,0,0,0
6265,-8.85635662635301,-0.415439692118641,3.09883319644936,0,0,0
6266,-8.81413882511481,-0.350519936922842,3.06504551914875,0,0,0
6267,-8.76876975073316,-0.241301881798004,3.06706341675176,0,0,0
6268,-8.73121020971643,-0.181022773957068,3.06255114521995,0,0,0
6269,-8.75911883381856,-0.140264628226277,3.03307074771794,0,0,0
6270,-8.7847665207605,-0.108628533805122,2.91090278202315,0,0,0
6271,-8.79964812193658,-0.171523343883708,3.09392430001768,0,0,0
6272,-8.85742939034073,-0.220081182864884,3.31544870835775,0,0,0
6273,-8.87853875166269,-0.268559380682878,3.25933183113048,0,0,0
6274,-8.84307897061355,-0.260659484379491,3.38333340291964,0,0,0
6275,-8.88709633865217,-0.201698308156471,3.39449890332238,0,0,0
6276,-9.0184169408092,-0.126931178903566,3.28411814702797,0,0,0
6277,-9.0364513194198,-0.126620443282899,3.26831984279061,0,0,0
6278,-8.95562909454945,-0.12149585209442,3.37206089010152,0,0,0
6279,-8.87696377816078,-0.10477233381092,3.35166362786723,0,0,0
6280,-8.83797439896019,-0.0521036927694405,3.23827738795274,0,0,0
6281,-8.7294605783414,-0.0491294489549437,3.36712857792976,0,0,0
6282,-8.62455451955312,-0.00404793779238839,3.57696443434684,0,0,0
6283,-8.55672294808196,0.152706491992114,3.46626951124602,0,0,0
6284,-8.58824580379792,0.281307433547661,3.32828673565031,0,0,0
6285,-8.66112925564278,0.36633075658724,3.25399343361103,0,0,0
6286,-8.64685046819784,0.396611359198756,3.2421891869469,0,0,0
6287,-8.59373324300938,0.344421391703319,3.25143163427716,0,0,0
6288,-8.512124526637,0.213183955457006,3.35117592939373,0,0,0
6289,-8.56203121496891,0.0742658706204454,3.50484603552437,0,0,0
6290,-8.65155617334453,-0.0079783297001423,3.27876076675106,0,0,0
6291,-8.65673537541695,-0.058787253272635,3.06001866714769,0,0,0
6292,-8.64438288571126,-0.13108465622505,3.21141176063344,0,0,0
6293,-8.58618624819246,-0.134801260894782,3.33992788378127,0,0,0
6294,-8.62597340166094,-0.0488128413746604,3.41665425330198,0,0,0
6295,-8.79968604023605,0.0933640426955367,3.44146257920643,0,0,0
6296,-8.97563337693912,0.251631455485889,3.34890316456974,0,0,0
6297,-8.99498004076291,0.358017251292192,3.32188747861075,0,0,0
6298,-8.89151534107958,0.358296207494992,3.40529163948808,0,0,0
6299,-8.81623503788564,0.316775700050209,3.42796529109576,0,0,0
6300,-8.79960457321158,0.219184248260947,3.31927150944539,0,0,0
6301,-8.77018186813835,0.0885654121134647,3.274313510198,0,0,0
6302,-8.73238714824066,0.00276526933157118,3.4123404469349,0,0,0
6303,-8.67402307612193,0.026604159131655,3.53433271202509,0,0,0
6304,-8.6775698124714,0.119038588111128,3.51852024410086,0,0,0
6305,-8.60870214895549,0.194524157209728,3.53429761364826,0,0,0
6306,-8.68322946513441,0.223009752310226,3.62032943221846,0,0,0
6307,-8.79806081846034,0.179461824445965,3.50724314666028,0,0,0
6308,-8.82307918320886,0.0471902657945585,3.37179294745429,0,0,0
6309,-8.88116603571553,-0.0381023310389985,3.41671879326482,0,0,0
6310,-8.92434064973363,-0.131436064096434,3.42381023736601,0,0,0
6311,-8.98816290647336,-0.240743990803026,3.43065114958076,0,0,0
6312,-9.09991994114617,-0.290470812308655,3.46475082627472,0,0,0
6313,-9.19954602278898,-0.250373743645451,3.4016280860276,0,0,0
6314,-9.18228196217736,-0.214866724754013,3.39019211342127,0,0,0
6315,-9.15356108617533,-0.190793689952146,3.38553641184971,0,0,0
6316,-9.18460430741022,-0.22403101797995,3.4081782340097,0,0,0
6317,-9.17951723693287,-0.255481657978462,3.31108963969052,0,0,0
6318,-9.08902847283703,-0.247568142727799,3.29765732928766,0,0,0
6319,-8.99182140902365,-0.264952973898275,3.35859262366933,0,0,0
6320,-8.96020514566355,-0.26771375796036,3.3563159679232,0,0,0
6321,-8.88144304230333,-0.255449334166706,3.29978623973466,0,0,0
6322,-8.86292006991011,-0.172990444611034,3.3288597596646,0,0,0
6323,-8.87598571135485,-0.151792292313009,3.34051408535415,0,0,0
6324,-8.87726818693512,-0.107297606689215,3.25661879794989,0,0,0
6325,-8.83650549168163,-0.12602158892783,3.14810612047993,0,0,0
6326,-8.75369883037902,-0.198872235808944,3.10088673592979,0,0,0
6327,-8.66925460933026,-0.272347650916787,3.0759705202741,0,0,0
6328,-8.63632004482844,-0.303527837709349,3.01537693662764,0,0,0
6329,-8.53630663728591,-0.327256403072836,3.01552398930977,0,0,0
6330,-8.49957697999278,-0.297497776470768,3.16632139863606,0,0,0
6331,-8.44715956118016,-0.176669442528772,3.07139186523382,0,0,0
6332,-8.26094456953716,-0.119023124867966,3.08475799121847,0,0,0
6333,-8.27435904071235,-0.134766538905254,3.29708916470451,0,0,0
6334,-8.44059192480451,-0.181581663255698,3.18196862156578,0,0,0
6335,-8.6087568741688,-0.248606036776249,3.07590498064999,0,0,0
6336,-8.74179752881465,-0.362972393108324,3.09663064248517,0,0,0
6337,-8.89686046675266,-0.458053434235356,3.09184762498667,0,0,0
6338,-9.0052047944009,-0.527273244147757,3.09246380381454,0,0,0
6339,-9.0204882380026,-0.556199745586212,3.04733342142563,0,0,0
6340,-8.93179719832818,-0.611711123576756,2.97722378899064,0,0,0
6341,-8.86480596167741,-0.617964091103419,2.89098317868298,0,0,0
6342,-8.7491486258283,-0.630650045975865,2.83464391220132,0,0,0
6343,-8.6112921384014,-0.623509598310243,2.8189232366098,0,0,0
6344,-8.57770158422745,-0.612915826999647,2.91149101444296,0,0,0
6345,-8.64455389654081,-0.649867177039571,2.92522050923402,0,0,0
6346,-8.77539849067517,-0.656860480271447,2.87327362843683,0,0,0
6347,-8.87202670505028,-0.634342408376998,2.73808283070796,0,0,0
6348,-8.94254932192277,-0.631445154623121,2.67460346500426,0,0,0
6349,-8.83881040660713,-0.589733660558751,2.55958658680959,0,0,0
6350,-8.63675195205619,-0.584779911415831,2.5477758021487,0,0,0
6351,-8.60871413995855,-0.607146171578458,2.54580614932006,0,0,0
6352,-8.48744060995532,-0.710151942680494,2.42387267232782,0,0,0
6353,-8.31704276234327,-0.782462375000093,2.27928814100713,0,0,0
6354,-8.21077066688744,-0.822723929394466,2.22034788040821,0,0,0
6355,-8.20577617526388,-0.838309587585029,2.17980180905501,0,0,0
6356,-8.11175581845491,-0.790234696647837,2.03739820185742,0,0,0
6357,-8.05232367992873,-0.838381836764814,2.01030716416147,0,0,0
6358,-8.05378188436728,-0.58391463669409,1.96957290381737,0,0,0
6359,-8.05333692942217,-0.364121787759553,2.08433514092384,0,0,0
6360,-8.46604522612203,-0.110528652800264,2.10899363738421,0,0,0
6361,-8.97728056258412,-0.0122913146272743,2.12052181160469,0,0,0
6362,-9.62162473269141,-0.425961401117318,1.82796723287175,0,0,0
6363,-10.8318283196975,-1.03584554213861,1.81577546090531,0,0,0
6364,-12.2021839513825,-1.06027846502016,1.40113583864594,0,0,0
6365,-13.011136749522,-0.899755883441238,0.606678553363013,0,0,0
6366,-13.3328399382229,-0.402155641154554,0.204143775847413,0,0,0
6367,-13.5380250242921,-0.168064922190263,0.59005358725122,0,0,0
6368,-13.9131079326806,-0.103466352193086,1.09192566740113,0,0,0
6369,-14.7339254167096,-0.224523548929356,0.674765359658369,0,0,0
6370,-15.3216801325763,-0.373555491267721,-0.259732405010871,0,0,0
6371,-14.9269421401342,-0.610453121698724,-1.09305639778465,0,0,0
6372,-13.9120081175307,-0.791450199035917,-1.29032823245393,0,0,0
6373,-12.9078844651404,-0.823484146197642,-1.17567664972287,0,0,0
6374,-11.885050143541,-0.772879539861004,-1.02056945245789,0,0,0
6375,-11.0068734409116,-0.688242951054699,-0.878855986016109,0,0,0
6376,-10.3066691301694,-0.620972056989545,-0.881651942510437,0,0,0
6377,-9.80049520904809,-0.577890285034825,-1.06527237152119,0,0,0
6378,-9.36467661726734,-0.584471928976252,-1.1986150356439,0,0,0
6379,-8.93656301236825,-0.562176883976552,-1.24409494547456,0,0,0
6380,-8.41346433004347,-0.5457746141196,-1.25339650796324,0,0,0
6381,-7.97422226321254,-0.558110222605729,-1.14781677095164,0,0,0
6382,-7.64911208238906,-0.574586061507628,-1.02821305687912,0,0,0
6383,-7.52480479779939,-0.576478285647363,-0.797723902186807,0,0,0
6384,-7.54398253207322,-0.659585292719022,-0.745773119952774,0,0,0
6385,-7.77371034270082,-0.662484128346256,-0.485686802467037,0,0,0
6386,-7.8443093856069,-0.762326340224356,-0.996165253090729,0,0,0
6387,-7.79315361961486,-1.02930056221428,-0.169277764203292,0,0,0
6388,-9.39178688970216,-0.0683278103302656,0.409148523948614,0,0,0
6389,-10.1619626514271,-1.18021335127111,-1.63335402777525,0,0,0
6390,-10.2029328379939,-1.68943333987321,-1.83595678816446,0,0,0
6391,-10.2671085567556,-1.63913301616544,-1.82025636721788,0,0,0
6392,-10.3562590979401,-1.56576215849084,-1.80446527768442,0,0,0
6393,-10.3863590727021,-1.46789343238509,-1.78156947237589,0,0,0
6394,-10.4583006486122,-1.27911357031585,-1.50441132638863,0,0,0
6395,-10.3860589970731,-1.14294788050152,-1.88414346278225,0,0,0
6396,-10.2643366806979,-1.0764041519029,-2.20461705487338,0,0,0
6397,-10.2395351037037,-0.560186983586438,-2.52629736442698,0,0,0
6398,-10.3318132092333,-0.711601107456129,-2.47186881071344,0,0,0
6399,-10.3870472250305,-0.80343696643985,-1.93645188678588,0,0,0
6400,-10.3219809229859,-0.803049691960036,-0.83185689855208,0,0,0
6401,-10.3331145678693,-1.26439302163356,-0.531162724942556,0,0,0
6402,-10.2833771505223,-1.1347013935105,-0.820529353044733,0,0,0
6403,-10.2608406724247,-1.20122748609784,-1.32148490885733,0,0,0
6404,-10.3476477733952,-1.25546192066754,-2.01259025245889,0,0,0
6405,-10.2648579298393,-0.811861185259563,-2.05161265928357,0,0,0
6406,-10.029461819662,-1.26516646921474,-1.81619722638603,0,0,0
6407,-9.96783202188967,-0.936497659289255,-1.43734549657959,0,0,0
6408,-9.87731783884478,-1.37416005626103,-1.35788917541385,0,0,0
6409,-9.90791086000147,-1.28356949257949,-1.34657432322684,0,0,0
6410,-9.71036346260643,-1.2146243468508,-1.38733523702266,0,0,0
6411,-9.69001616296976,-1.78834256861595,-1.58794675821385,0,0,0
6412,-9.50030515968276,-0.817689262680037,-1.76969471867131,0,0,0
6413,-9.28009076536752,-1.34302551320021,-1.91176867475469,0,0,0
6414,-9.48447130825401,-0.92741187645412,-2.23701347518863,0,0,0
6415,-9.50570090058937,-0.740576173932035,-2.32764034296738,0,0,0
6416,-9.55821224680428,-0.708446237746762,-2.14243684505513,0,0,0
6417,-9.6656314695796,-0.628221461417855,-1.95047237609468,0,0,0
6418,-9.68207131613874,-0.601181589617155,-1.93703757545906,0,0,0
6419,-9.62583591774933,-0.592975386337614,-2.23757295685457,0,0,0
6420,-9.56679680613672,-0.853911548775977,-2.6233517106941,0,0,0
6421,-9.54848506888324,-0.7853885736455,-2.85998929143721,0,0,0
6422,-9.51910604703407,-0.979997934465573,-2.81276989903268,0,0,0
6423,-9.5851916119028,-0.970505972748301,-2.62321520965644,0,0,0
6424,-9.6016885052154,-0.909368808754903,-2.43335103693205,0,0,0
6425,-9.57309551823649,-0.89689561630907,-2.2709646402866,0,0,0
6426,-9.54249219932077,-0.82527855971471,-2.26418656741573,0,0,0
6427,-9.50847056521714,-0.734164242232198,-2.32784353977172,0,0,0
6428,-9.46485222570904,-0.647311134770983,-2.22858781146077,0,0,0
6429,-9.42736396226912,-0.623654662119354,-2.15204428079901,0,0,0
6430,-9.41495752547956,-0.62964087475998,-2.16510287006027,0,0,0
6431,-9.3896536188774,-0.661558584271754,-2.13346571704043,0,0,0
6432,-9.35066373329715,-0.704989734562945,-2.05439544919369,0,0,0
6433,-9.39024101170356,-0.769601048593451,-1.99331890501074,0,0,0
6434,-9.38775466756056,-0.808214318020143,-2.01154557259203,0,0,0
6435,-9.38496743652837,-0.825995101169123,-2.06789394046986,0,0,0
6436,-9.31475385120769,-0.854216259923111,-2.1493180506382,0,0,0
6437,-9.27163633748843,-0.884351817801681,-2.12908636901823,0,0,0
6438,-9.28554751018565,-0.834253289500315,-2.16732838267245,0,0,0
6439,-9.29104316022173,-0.787166430471562,-2.14714670915871,0,0,0
6440,-9.3467299843174,-0.719279398200825,-2.07058827103029,0,0,0
6441,-9.39135733815078,-0.722658749851671,-2.08165012674221,0,0,0
6442,-9.46344448302237,-0.689448740094897,-2.07908239104802,0,0,0
6443,-9.43821325723673,-0.744280055826476,-1.99341277886924,0,0,0
6444,-9.3474340331255,-0.79317421098267,-1.97545124997128,0,0,0
6445,-9.44875268153926,-0.777661090711667,-1.97294428009404,0,0,0
6446,-9.37082748424883,-0.850762740357857,-2.0700366549415,0,0,0
6447,-9.25333853865234,-0.754210745043638,-2.00717538093891,0,0,0
6448,-9.16497259181549,-0.768988590944944,-1.97098246095814,0,0,0
6449,-9.17100549960421,-0.804758513395448,-1.8872745062964,0,0,0
6450,-9.25842666038812,-0.869086311045897,-1.71343506538473,0,0,0
6451,-9.4272724301027,-0.850078399187005,-1.67239323169196,0,0,0
6452,-9.46231680229694,-0.779798710196719,-1.86903881327524,0,0,0
6453,-9.32987017029261,-0.761936137206422,-2.02518483212425,0,0,0
6454,-9.26240711878969,-0.671872731667753,-1.79308708952697,0,0,0
6455,-9.39304099931954,-0.630906560457116,-1.48990233368863,0,0,0
6456,-9.70883691486684,-1.03475279265874,-1.61800042746759,0,0,0
6457,-9.81517280975438,-0.969358308882532,-1.76451077615714,0,0,0
6458,-9.53654797695957,-0.598021455621964,-1.66541955019963,0,0,0
6459,-9.53614074016612,-1.10472210362101,-1.88455208240965,0,0,0
6460,-9.55592820798637,-1.12894679164162,-2.05390592482779,0,0,0
6461,-9.25815966688086,-0.622024048690003,-1.69572849443655,0,0,0
6462,-9.34369561093455,-1.05007878013202,-1.60938952742014,0,0,0
6463,-9.4093525613472,-0.834561937082143,-1.56391208993828,0,0,0
6464,-9.4282565891456,-0.688909711934225,-1.36785426104523,0,0,0
6465,-9.48593239285951,-0.915363186691314,-1.56888255516825,0,0,0
6466,-9.3592187228664,-0.505783009933802,-1.4698293524706,0,0,0
6467,-9.51070133625639,-0.649941715041553,-1.34554982262652,0,0,0
6468,-9.65136753978277,-0.822050820717154,-1.69505676052419,0,0,0
6469,-9.54428421990971,-0.591992483548723,-1.5867649426116,0,0,0
6470,-9.48547840305019,-0.656743998746557,-1.49904426741748,0,0,0
6471,-9.24356916892487,-0.525406877308654,-1.34320888646689,0,0,0
6472,-9.34297388534147,-1.06318811206069,-1.44872234022719,0,0,0
6473,-9.31374790969553,-0.796274308412572,-1.69089014548012,0,0,0
6474,-9.38857769686283,-1.04680650214868,-1.70864194350282,0,0,0
6475,-9.61459192040773,-1.14187080470594,-1.68570606918274,0,0,0
6476,-9.5765547116858,-1.00345085562618,-1.54820444647781,0,0,0
6477,-9.3994262671389,-0.799582768126027,-1.31806691843798,0,0,0
6478,-9.46966112692652,-1.19176233231839,-1.38310077700579,0,0,0
6479,-9.37645673701883,-0.918336492473532,-1.50512199956653,0,0,0
6480,-9.25795533751534,-0.921263736656667,-1.45148358292299,0,0,0
6481,-9.21059079392775,-0.755229020205465,-1.52828687968398,0,0,0
6482,-9.12308159219562,-0.706913857842751,-1.44237431841574,0,0,0
6483,-9.32609487690969,-0.847498664718819,-1.59802899369298,0,0,0
6484,-9.37456250194519,-0.790668843148116,-1.62525860481579,0,0,0
6485,-9.51093757915378,-1.01572384386206,-1.58211360205096,0,0,0
6486,-9.48938453684076,-0.678910801677828,-1.55538403735574,0,0,0
6487,-9.49323840147593,-1.01412717901793,-1.41734949988497,0,0,0
6488,-9.39823215224251,-0.853324192764837,-1.18004153306375,0,0,0
6489,-9.39495989182907,-0.685575910445262,-0.963693594300681,0,0,0
6490,-9.16240421611059,-0.515531487577156,-0.947828201879031,0,0,0
6491,-9.13002094395859,-0.220330367710123,-1.07974877214631,0,0,0
6492,-9.12816166192581,-0.152046624423699,-1.54263437530532,0,0,0
6493,-9.11052053465252,-0.221123639542893,-2.02570947536777,0,0,0
6494,-9.21586668773119,-0.24153448702187,-2.17684280981991,0,0,0
6495,-9.33308256041057,-0.401845195170761,-2.01181742714171,0,0,0
6496,-9.33317422049831,-0.0159661703839704,-1.46575327658489,0,0,0
6497,-9.62542295621036,-0.497045635052197,-1.20079336965673,0,0,0
6498,-9.59427211690739,0.0938300511997689,-1.17876010213305,0,0,0
6499,-9.42928896017135,-0.207899516620726,-1.12208402200394,0,0,0
6500,-9.35446375149685,0.0427677068245259,-1.40933744252868,0,0,0
6501,-9.16327717047755,0.100811780673057,-1.4838626659804,0,0,0
6502,-9.244558405267,-0.16295044021627,-1.64840286159038,0,0,0
6503,-9.30112222720699,0.0824219507171203,-1.82744808252629,0,0,0
6504,-9.35119826869159,-0.111603830611168,-1.61215115821901,0,0,0
6505,-9.27074551145673,0.0416943911432525,-1.5018950520814,0,0,0
6506,-9.34283213349146,-0.393507839922413,-1.42694876084269,0,0,0
6507,-9.53369205806762,-0.229507429392878,-1.73592807547881,0,0,0
6508,-9.54130653727071,-0.355906136215011,-1.67736121564246,0,0,0
6509,-9.51683529354172,-0.33378174348336,-1.71805527287096,0,0,0
6510,-9.14905048032585,0.192648745938904,-1.39136877116168,0,0,0
6511,-9.32491467137516,-0.222715820979764,-1.11290742491753,0,0,0
6512,-9.43946640607086,0.131631070106641,-1.22868994413867,0,0,0
6513,-9.34674033158286,0.224039854933839,-1.12741038469379,0,0,0
6514,-9.31977721221314,-0.00500763644696363,-1.22626726655557,0,0,0
6515,-9.1879989746286,0.0623998647446811,-1.28298910518864,0,0,0
6516,-9.08044900354612,-0.145751448592184,-1.3120038908419,0,0,0
6517,-9.05759179922614,-0.314896723335962,-1.3277469568309,0,0,0
6518,-9.16181534424421,-0.510239851572768,-1.3474037955588,0,0,0
6519,-9.23249519011918,-0.50745675209405,-1.4810080830469,0,0,0
6520,-9.03784645684852,-0.288291561546449,-1.46114230431136,0,0,0
6521,-9.05288258462898,-0.376406031806326,-1.35066299796711,0,0,0
6522,-9.29077737894941,-0.417006639531927,-1.44512518611444,0,0,0
6523,-9.39027192045881,-0.413344257200965,-1.42935117450156,0,0,0
6524,-9.5553145005448,-0.463687338615875,-1.39933507422557,0,0,0
6525,-9.47981876830401,-0.433996352664255,-1.59630574558856,0,0,0
6526,-9.5133610200082,-0.446819561139122,-1.70693984978062,0,0,0
6527,-9.68530856010028,-0.526858419132589,-1.66363032607557,0,0,0
6528,-9.66429737021491,-0.538002169604306,-1.54137458877838,0,0,0
6529,-9.57727465197136,-0.549491910380946,-1.41769056308778,0,0,0
6530,-9.43377395018792,-0.598431323546488,-1.45357613918379,0,0,0
6531,-9.33411653158264,-0.496765493339349,-1.52160613121982,0,0,0
6532,-9.49417811549107,-0.475836993803289,-1.48067111325276,0,0,0
6533,-9.50407730600145,-0.483330009001734,-1.51728532461083,0,0,0
6534,-9.41194929275996,-0.565222871560879,-1.48534430243772,0,0,0
6535,-9.42507343613595,-0.548606137962065,-1.57765939039675,0,0,0
6536,-9.50001796005999,-0.438117372460221,-1.63920080730238,0,0,0
6537,-9.35604091601781,-0.705896526838019,-1.65266107624649,0,0,0
6538,-9.1712913151148,-0.654281429804287,-1.75417913316944,0,0,0
6539,-9.34694067793841,-0.404319775453873,-1.76572014778727,0,0,0
6540,-9.36359639532981,-0.338676511927286,-1.75664617801976,0,0,0
6541,-9.263937075811,-0.474688805653322,-1.8602643280895,0,0,0
6542,-9.20678438257231,-0.408401788673571,-2.18816178001768,0,0,0
6543,-9.12723480185927,-0.447802733213133,-2.47059329642938,0,0,0
6544,-9.14716787551464,-0.456248518598938,-2.49983322569139,0,0,0
6545,-9.3862884895223,-0.466106403112224,-2.42748860962731,0,0,0
6546,-9.49463118837389,-0.464463546821856,-2.31223107880576,0,0,0
6547,-9.53997024119575,-0.571326481463114,-2.4158822057482,0,0,0
6548,-9.60758276546119,-0.266225788056449,-2.54921948734527,0,0,0
6549,-9.48631291804865,-0.533744859652719,-2.64181504198645,0,0,0
6550,-9.61872413322826,-0.556021809666166,-2.73872230245166,0,0,0
6551,-9.71299138159,-0.382547267556482,-2.72588991520392,0,0,0
6552,-9.59478451159477,-0.53216910621287,-2.63958540030853,0,0,0
6553,-9.4915431191593,-0.525181094385558,-2.69406614967775,0,0,0
6554,-9.42594645649328,-0.532871150159559,-2.80928901985698,0,0,0
6555,-9.45462789533979,-0.540867334404692,-2.94909385245222,0,0,0
6556,-9.46795414953069,-0.513038495617196,-3.01205548201969,0,0,0
6557,-9.30264555923542,-0.574533016400173,-2.85861693906234,0,0,0
6558,-9.29799417327049,-0.476241114396495,-2.70534101563149,0,0,0
6559,-9.21853096943979,-0.483893153458341,-2.71196251069849,0,0,0
6560,-9.21197441468067,-0.353894734384023,-2.80942298323697,0,0,0
6561,-9.08383469404358,-0.319897264807202,-2.74168776308615,0,0,0
6562,-9.08320041262713,-0.540935542878241,-2.59268496191302,0,0,0
6563,-9.24912403401897,-0.546405306293163,-2.64863561015493,0,0,0
6564,-9.2488898100076,-0.555399281510848,-2.47235857312945,0,0,0
6565,-9.17022699971762,-0.57980121033114,-2.4049254000504,0,0,0
6566,-9.12938825167328,-0.552802604890922,-2.51761215360312,0,0,0
6567,-9.12928005499608,-0.580040951307362,-2.62845172800838,0,0,0
6568,-9.14118536376077,-0.539330629276378,-2.67817576033207,0,0,0
6569,-9.12897235900958,-0.595697503301223,-2.70748522913507,0,0,0
6570,-9.1649934468878,-0.585907689697255,-2.72769937153298,0,0,0
6571,-9.14553895378232,-0.564248883002357,-2.61048854279498,0,0,0
6572,-9.17103029265481,-0.528020201378939,-2.46596152666579,0,0,0
6573,-9.2247119066862,-0.545009327211589,-2.40030992918823,0,0,0
6574,-9.21772219515139,-0.595110101700443,-2.43443734787717,0,0,0
6575,-9.24257326331645,-0.592462003456767,-2.42990648787098,0,0,0
6576,-9.20896185931148,-0.554420825215123,-2.42525384640153,0,0,0
6577,-9.22041221525629,-0.657271868558872,-2.41590395135327,0,0,0
6578,-9.27583356592377,-0.56399064790096,-2.43619442859059,0,0,0
6579,-9.16564336545851,-0.541085525126173,-2.23292210399961,0,0,0
6580,-9.17985287895921,-0.552938392680481,-2.15198744709475,0,0,0
6581,-9.23864666631075,-0.664068772874324,-2.26465951004064,0,0,0
6582,-9.17977676471033,-0.614423755983177,-2.29922459280978,0,0,0
6583,-9.10372037290101,-0.696232799865327,-2.45493102680586,0,0,0
6584,-9.16859981465601,-0.680878534140692,-2.68272267034777,0,0,0
6585,-9.18093446781569,-0.617785639799861,-2.63535163357218,0,0,0
6586,-9.20550684144162,-0.637765882144951,-2.49528233687363,0,0,0
6587,-9.18118099188745,-0.599863915808751,-2.39586243964364,0,0,0
6588,-9.19540640611591,-0.554605633962311,-2.45914126059867,0,0,0
6589,-9.2242413517905,-0.539911050301634,-2.61693974622921,0,0,0
6590,-9.24671449202976,-0.557732577696017,-2.60345376290309,0,0,0
6591,-9.23823773858577,-0.551558629065474,-2.55397609006104,0,0,0
6592,-9.16391713545635,-0.589461268762259,-2.40747540236228,0,0,0
6593,-9.16453272087264,-0.629014147432501,-2.36402414911444,0,0,0
6594,-9.16884634754395,-0.662957113847262,-2.44323343204868,0,0,0
6595,-9.17472004404621,-0.591096870710334,-2.46147392539321,0,0,0
6596,-9.14358476959347,-0.503022098625149,-2.42721390374646,0,0,0
6597,-9.15379838131079,-0.492564394900281,-2.42771422924446,0,0,0
6598,-9.18963639603965,-0.491708816969758,-2.50438359491836,0,0,0
6599,-9.18222973049351,-0.518617762280357,-2.50200200427158,0,0,0
6600,-9.18740282641502,-0.489473198877387,-2.52697319364713,0,0,0
6601,-9.14958427022584,-0.481438770693695,-2.5633427193877,0,0,0
6602,-9.13483912184396,-0.489628175511833,-2.65093129878723,0,0,0
6603,-9.12956843725005,-0.431735461359759,-2.74615478104189,0,0,0
6604,-9.11009340186831,-0.380321005915767,-2.77332540789015,0,0,0
6605,-9.11300121085579,-0.314689709850762,-2.78448723759764,0,0,0
6606,-9.08768570939849,-0.319171323035925,-2.82721297523248,0,0,0
6607,-9.08044490466882,-0.357609057407197,-2.90858479237133,0,0,0
6608,-9.10307842733202,-0.350443318940007,-2.95826584529984,0,0,0
6609,-9.07358294576852,-0.362180761461425,-2.94246298492402,0,0,0
6610,-9.05444491013874,-0.317957398211164,-2.9020679147087,0,0,0
6611,-9.04508916304948,-0.326935236517189,-2.87937924491246,0,0,0
6612,-9.08781991871764,-0.344357813227131,-2.93137900240618,0,0,0
6613,-9.11326599764078,-0.330855644599599,-2.91350719318944,0,0,0
6614,-9.10024093674972,-0.329314115394742,-2.80756356182555,0,0,0
6615,-9.12714598516352,-0.301333430649352,-2.80275970170814,0,0,0
6616,-9.14576746302694,-0.278755637629319,-2.78931947264545,0,0,0
6617,-9.11805162887513,-0.285487187200987,-2.68739654213513,0,0,0
6618,-9.1629054158469,-0.325598497627083,-2.68978140458225,0,0,0
6619,-9.17444291895676,-0.30506339125796,-2.79820712408274,0,0,0
6620,-9.11803863124151,-0.333375134731928,-2.76453488154991,0,0,0
6621,-9.10796912716486,-0.355322220882711,-2.88166535473831,0,0,0
6622,-9.13045953344756,-0.263357622299615,-3.06509180587563,0,0,0
6623,-9.12539221352964,-0.146349640485783,-3.07189582899342,0,0,0
6624,-9.03340393774122,-0.100463367949374,-2.87982761967171,0,0,0
6625,-9.01266069583701,-0.271787901957483,-2.74640300682839,0,0,0
6626,-9.14745866806755,-0.287314329309899,-2.81169587485925,0,0,0
6627,-9.19754430854903,-0.23675960086831,-2.71891610666443,0,0,0
6628,-9.15630355896896,-0.300727763342307,-2.74617713857966,0,0,0
6629,-9.19721657390359,-0.437384043455714,-2.91785497123278,0,0,0
6630,-9.25304579212717,-0.179976537087939,-2.95638827894233,0,0,0
6631,-9.02496838979839,-0.0624656908941087,-2.62455559638662,0,0,0
6632,-9.00456197708641,-0.0581465509819311,-2.59059586181696,0,0,0
6633,-9.00821939643241,-0.134743666575371,-2.91830322496167,0,0,0
6634,-9.12591645370597,-0.638144774069147,-3.17958324308315,0,0,0
6635,-9.30197252871689,-0.448027042120226,-3.27197033940406,0,0,0
6636,-9.10013447823974,-0.571431885803046,-2.89283271579449,0,0,0
6637,-9.05945844635297,-0.56518796037497,-2.86792251614053,0,0,0
6638,-9.0334218773833,-0.635152397396166,-3.00563809203126,0,0,0
6639,-9.06485500094228,-0.641326302432835,-3.05981630925136,0,0,0
6640,-9.05911205114615,-0.567074121415021,-3.03495522808703,0,0,0
6641,-8.98319550823168,-0.512018461715176,-2.94462196833659,0,0,0
6642,-9.01767026406456,-0.486978733875278,-2.88826118064827,0,0,0
6643,-9.13613281783926,-0.522790800929914,-2.97602900286352,0,0,0
6644,-9.0576229022059,-0.524502343908476,-2.92659028670084,0,0,0
6645,-9.01179833228998,-0.536043080612358,-2.81112279980779,0,0,0
6646,-8.99946399238745,-0.528274564606435,-2.74162127245238,0,0,0
6647,-9.02626071707655,-0.509352611682711,-2.6780852904733,0,0,0
6648,-9.0723344774679,-0.486676811646044,-2.69192853601157,0,0,0
6649,-9.07711753440433,-0.482287940675378,-2.69654662311135,0,0,0
6650,-9.06808126939187,-0.47101284871451,-2.68968948642393,0,0,0
6651,-9.06582860936954,-0.471054371018866,-2.68517379426258,0,0,0
6652,-9.0413167733952,-0.489987489969904,-2.70353685454747,0,0,0
6653,-9.04263894428169,-0.495921914693106,-2.73023469849401,0,0,0
6654,-9.01857708289019,-0.485580998234289,-2.78928315886956,0,0,0
6655,-9.00116040714918,-0.456749809352349,-2.86621669912907,0,0,0
6656,-8.99863331640586,-0.433686332228774,-2.91789133552536,0,0,0
6657,-9.00062911346323,-0.410567731672652,-2.95149420074615,0,0,0
6658,-9.01725187517691,-0.406486945455626,-3.02190204872166,0,0,0
6659,-9.01892874141167,-0.415023023995778,-3.06686376207664,0,0,0
6660,-9.0279326741958,-0.428554142913391,-3.06694314038996,0,0,0
6661,-9.00184734381942,-0.443748143816032,-3.08225529415532,0,0,0
6662,-9.02944292625753,-0.464376697796207,-3.00130561025354,0,0,0
6663,-9.05435167896426,-0.473222262363298,-2.93588072526862,0,0,0
6664,-9.02940759505436,-0.471243887586587,-2.8861111960806,0,0,0
6665,-9.05273137466545,-0.448761659121385,-2.88857746179525,0,0,0
6666,-9.03977974053248,-0.412998407133527,-2.89539991777145,0,0,0
6667,-9.07010710648056,-0.363234985860925,-2.90004956953815,0,0,0
6668,-9.07734145572422,-0.333879531676637,-2.91362750883025,0,0,0
6669,-9.08200505848255,-0.324821427119615,-2.9045997523833,0,0,0
6670,-9.06793584054751,-0.345084421302025,-2.91126360097486,0,0,0
6671,-9.06749100373103,-0.360658549513952,-2.89082049672539,0,0,0
6672,-9.03760112235075,-0.397144191700273,-2.86144003952952,0,0,0
6673,-9.09169483640743,-0.412212544292214,-2.83890184913273,0,0,0
6674,-9.01213382481111,-0.426628643200317,-2.82744739091494,0,0,0
6675,-9.48825576740725,-0.451076951355961,-2.67156154424278,0,0,0
6676,-9.37208402970228,-0.184407735719964,-2.94707074046265,0,0,0
6677,-8.97636076376605,-0.00246612085206855,-2.89578001521574,0,0,0
6678,-9.00002228155765,0.0815052506432854,-3.28206976719253,0,0,0
6679,-9.02311809763385,-0.0146894198772378,-3.18699191439341,0,0,0
6680,-9.04321160229834,-0.16265548672314,-3.25457797606961,0,0,0
6681,-8.96519320063452,-0.295057256780224,-3.26844007578121,0,0,0
6682,-8.92812841960341,-0.303851809866994,-3.30419258828908,0,0,0
6683,-8.92210075666942,-0.236198876577642,-3.23857024986747,0,0,0
6684,-8.95732706664455,-0.186713928709085,-3.26600228176413,0,0,0
6685,-8.9773770851101,-0.174714317689185,-3.31323173690093,0,0,0
6686,-8.97951395915925,-0.181408985393961,-3.3267745936275,0,0,0
6687,-8.96889434594045,-0.179936729240906,-3.29998041192386,0,0,0
6688,-8.94567287092492,-0.184256567602188,-3.28162268848546,0,0,0
6689,-8.96417244431806,-0.168405768022265,-3.28624440785721,0,0,0
6690,-8.97180950259046,-0.139426240551226,-3.3000216494541,0,0,0
6691,-8.97823271186313,-0.148129147395118,-3.29313237839633,0,0,0
6692,-8.97793218015722,-0.168413758856497,-3.24793949781276,0,0,0
6693,-8.98395899482294,-0.190460795643052,-3.20254070281816,0,0,0
6694,-8.98378309222315,-0.201715573563169,-3.1912359801172,0,0,0
6695,-9.00203435109901,-0.190216767014049,-3.15509899543758,0,0,0
6696,-9.01206895491734,-0.179616905182031,-3.11936586336933,0,0,0
6697,-9.02996205050692,-0.176907770068418,-3.09892983740089,0,0,0
6698,-9.03620782168222,-0.19686314938042,-3.08299458584829,0,0,0
6699,-9.03879526393413,-0.190302014338339,-3.05147960887815,0,0,0
6700,-9.03601575587885,-0.210399724013217,-3.04006739827642,0,0,0
6701,-9.04062576687794,-0.217271568376104,-3.02886389566299,0,0,0
6702,-9.04033701345873,-0.235267040574271,-3.02206918257793,0,0,0
6703,-9.05138415466261,-0.237156010634675,-3.01066721044055,0,0,0
6704,-9.05303728919899,-0.275377981932374,-2.97900535106498,0,0,0
6705,-9.06446535290226,-0.302715122447666,-3.00185352807111,0,0,0
6706,-9.05244076434491,-0.311338128624057,-2.99477743259662,0,0,0
6707,-9.03709707997652,-0.30973110328182,-2.98595448380258,0,0,0
6708,-9.04329895778033,-0.32961555467233,-3.03777668144308,0,0,0
6709,-9.04749287967404,-0.336090914354073,-3.04670152178911,0,0,0
6710,-9.03910725168926,-0.311743628194527,-2.99714416461943,0,0,0
6711,-9.02714204530397,-0.329555532412985,-2.98338226614543,0,0,0
6712,-9.01617683905214,-0.345983602179873,-3.03787703584839,0,0,0
6713,-9.01986743518386,-0.370245981787654,-3.06023493045309,0,0,0
6714,-9.02434849896659,-0.383831706355945,-3.07838585368763,0,0,0
6715,-9.00708896556634,-0.387148413078678,-3.0539485759154,0,0,0
6716,-8.9990922716775,-0.399810350696975,-3.05795866459936,0,0,0
6717,-8.9995399543767,-0.384240803994246,-3.07388476697149,0,0,0
6718,-8.99470654601281,-0.379455123433117,-3.06240063829339,0,0,0
6719,-9.00229010748975,-0.366402796889764,-3.07400174459481,0,0,0
6720,-8.99949915411949,-0.361374050686872,-3.08048528938045,0,0,0
6721,-9.00195615883365,-0.361524394073216,-3.08058329580421,0,0,0
6722,-9.00017231037056,-0.357431140904949,-3.08756417860519,0,0,0
6723,-9.00180835513936,-0.345407795898983,-3.08265953879553,0,0,0
6724,-9.00022973855825,-0.327799525721017,-3.11224041087977,0,0,0
6725,-9.00246419445922,-0.316327928209386,-3.11666846308104,0,0,0
6726,-9.00386265391529,-0.292511850681368,-3.13526074119827,0,0,0
6727,-9.00364156724639,-0.280891958116019,-3.13733214659469,0,0,0
6728,-8.99668801314215,-0.28083856710233,-3.11465122313231,0,0,0
6729,-9.0038546860598,-0.281098503305295,-3.11936300371532,0,0,0
6730,-9.00583411210587,-0.285368936980822,-3.12151587608247,0,0,0
6731,-9.0125782822517,-0.273821348067549,-3.12819958475473,0,0,0
6732,-8.99914444228486,-0.267279594490388,-3.14402551756518,0,0,0
6733,-9.00364180605109,-0.255782914595674,-3.13715920089639,0,0,0
6734,-9.00389976884366,-0.240045436696754,-3.13491722938475,0,0,0
6735,-9.00174882989644,-0.247036942744377,-3.1146838832831,0,0,0
6736,-9.00589381733403,-0.244339558764726,-3.1144843368229,0,0,0
6737,-9.00803800817666,-0.251046105893995,-3.11673433384279,0,0,0
6738,-9.01087291627437,-0.253839829238497,-3.09896035637021,0,0,0
6739,-9.02870820798909,-0.241944451286502,-3.08295152573418,0,0,0
6740,-9.01323024518361,-0.260752921272333,-3.08324118323475,0,0,0
6741,-9.00361890094758,-0.271762720987163,-3.08755338488875,0,0,0
6742,-9.00584750904212,-0.260281378622783,-3.10101577064756,0,0,0
6743,-9.01294529462555,-0.265045720502161,-3.09894703476911,0,0,0
6744,-9.00369364904024,-0.267268022159572,-3.085299550507,0,0,0
6745,-9.00801283569738,-0.278422915727698,-3.09883623983987,0,0,0
6746,-9.0256458785204,-0.277739559104136,-3.11217703129459,0,0,0
6747,-8.99435475145259,-0.285365258633307,-3.12142367579559,0,0,0
6748,-8.98747659612058,-0.292218770666386,-3.12367952093013,0,0,0
6749,-8.98554320129199,-0.29711551973371,-3.13516816661725,0,0,0
6750,-8.99950160547695,-0.294997466942321,-3.15794667979387,0,0,0
6751,-8.99890321674777,-0.294444739793053,-3.14861373954349,0,0,0
6752,-9.00080724823453,-0.291808407695026,-3.12582982464992,0,0,0
6753,-8.99872692117412,-0.269188781477468,-3.10994547699859,0,0,0
6754,-9.00118391587154,-0.269339569839845,-3.11004351021824,0,0,0
6755,-9.00366585760073,-0.267222756321245,-3.12821254502553,0,0,0
6756,-9.00250197404276,-0.275262666732334,-3.14351547964002,0,0,0
6757,-8.99476202667709,-0.283439257101877,-3.17131388109397,0,0,0
6758,-8.99856929049194,-0.289565642371661,-3.15519515306371,0,0,0
6759,-9.00113703406013,-0.271571444440275,-3.12585117399997,0,0,0
6760,-8.98591986365179,-0.27464700750548,-3.11938180780103,0,0,0
6761,-8.99179368273324,-0.291969732091787,-3.11228420912787,0,0,0
6762,-8.99830247624357,-0.307596937539627,-3.1145217977535,0,0,0
6763,-9.01015769326112,-0.296530923426964,-3.128276835784,0,0,0
6764,-9.00510172259582,-0.280121915439053,-3.12112260109521,0,0,0
6765,-9.00830663271342,-0.271836235973753,-3.12604580939168,0,0,0
6766,-8.99434972465355,-0.27395647487775,-3.10100884255753,0,0,0
6767,-8.99389181920257,-0.289508886916669,-3.10089275160801,0,0,0
6768,-8.99392763791113,-0.298659569743693,-3.13034424420926,0,0,0
6769,-8.98652213741418,-0.311860262997129,-3.1549796638514,0,0,0
6770,-9.00496838967385,-0.28682951647889,-3.1572526424531,0,0,0
6771,-9.00768920559919,-0.271252195517345,-3.14607445242796,0,0,0
6772,-9.00261539813436,-0.282231673658429,-3.10972933416087,0,0,0
6773,-9.00510083465554,-0.293829371597333,-3.09410497909055,0,0,0
6774,-9.00692108889935,-0.320782509287978,-3.08729932879942,0,0,0
6775,-9.0138769030088,-0.309438954976552,-3.0782725088681,0,0,0
6776,-9.02299007230251,-0.304823389467467,-3.05116851577634,0,0,0
6777,-9.01609371437697,-0.300246759248656,-3.05333677572822,0,0,0
6778,-9.02512548691738,-0.31151564214802,-3.06696995958313,0,0,0
6779,-9.00754021185998,-0.296259563268395,-3.06483913029865,0,0,0
6780,-8.99604624897759,-0.296232110902772,-3.08733272737653,0,0,0
6781,-8.99837308870702,-0.277985996849237,-3.11887078377615,0,0,0
6782,-8.982661159594,-0.260043295842857,-3.14138618839568,0,0,0
6783,-9.00108162729511,-0.248679669645078,-3.15503731894207,0,0,0
6784,-9.00351075305304,-0.251093414282508,-3.14158157487254,0,0,0
6785,-9.00138183249884,-0.255812524848373,-3.14393639154342,0,0,0
6786,-8.99181889471475,-0.264592917933397,-3.13018226152534,0,0,0
6787,-8.99034633383387,-0.253942528121513,-3.13726985827504,0,0,0
6788,-8.98321050887576,-0.251424231232718,-3.14159472351453,0,0,0
6789,-8.99044575269605,-0.272289237100189,-3.15326000078087,0,0,0
6790,-8.98547082246195,-0.287905401441897,-3.16218110625456,0,0,0
6791,-8.97375785071465,-0.289969974692285,-3.15521122364573,0,0,0
6792,-8.99150234567665,-0.282543384863816,-3.16630044201871,0,0,0
6793,-9.00119276732734,-0.267045752570798,-3.15295883704009,0,0,0
6794,-8.99381595102904,-0.266583819555251,-3.16169889949015,0,0,0
6795,-8.99707270892015,-0.267475316010145,-3.17122947359498,0,0,0
6796,-9.00335394193518,-0.260070986727407,-3.15738210747809,0,0,0
6797,-9.00338238055254,-0.271518010084262,-3.1416597489697,0,0,0
6798,-9.00509676238534,-0.266404797615888,-3.15717445416666,0,0,0
6799,-8.99422314475524,-0.266966085867475,-3.15512226037013,0,0,0
6800,-8.99486985030149,-0.26528975037833,-3.14638891837094,0,0,0
6801,-8.99648750366936,-0.266943622877278,-3.14156935262302,0,0,0
6802,-8.98807082312129,-0.267655700109745,-3.13961518687233,0,0,0
6803,-8.9988946881996,-0.269321531885916,-3.16199223209879,0,0,0
6804,-9.00149971959366,-0.260480538213908,-3.15984122362916,0,0,0
6805,-8.99695272360517,-0.251403231332247,-3.13039259839738,0,0,0
6806,-9.00177523363769,-0.244771725236505,-3.13049630603375,0,0,0
6807,-9.00789524925651,-0.246337501125917,-3.13922530166863,0,0,0
6808,-8.99291445124383,-0.272459066437295,-3.13528939498175,0,0,0
6809,-8.99946812740846,-0.272142206628045,-3.15325415691151,0,0,0
6810,-8.99220414304769,-0.264939466212157,-3.15748420616146,0,0,0
6811,-8.98109534870496,-0.267566507480549,-3.15081294125204,0,0,0
6812,-8.99059378476187,-0.263297543858354,-3.15101090639025,0,0,0
6813,-8.99045396890153,-0.258593852075131,-3.16898476424403,0,0,0
6814,-9.00136281732104,-0.255781553514065,-3.17329788684521,0,0,0
6815,-8.98530342962575,-0.260355516606228,-3.16642809301779,0,0,0
6816,-8.97901712315663,-0.256351032258514,-3.15986057754409,0,0,0
6817,-8.99939070218204,-0.251523133262114,-3.15985217314717,0,0,0
6818,-9.00100395273886,-0.25316966878359,-3.16180829169813,0,0,0
6819,-9.00621377644042,-0.260596990903509,-3.15767926157767,0,0,0
6820,-8.99376231372488,-0.282513774687406,-3.15952326395841,0,0,0
6821,-8.98286517983875,-0.285344901094664,-3.13714151160433,0,0,0
6822,-8.98616145934867,-0.283992204090981,-3.14215719674955,0,0,0
6823,-8.99388458111016,-0.28718885234766,-3.16865235770393,0,0,0
6824,-8.98265354965709,-0.285140754073622,-3.15285201341512,0,0,0
6825,-8.99210006526309,-0.271694650271733,-3.14844278346474,0,0,0
6826,-9.00107788138405,-0.26007439045265,-3.18900361094106,0,0,0
6827,-8.99249874870977,-0.246953436840488,-3.15524460679983,0,0,0
6828,-8.99425859723388,-0.239605575993044,-3.15721022516221,0,0,0
6829,-8.98085030618589,-0.244506192618306,-3.16183092901572,0,0,0
6830,-8.99913299552415,-0.242151238185526,-3.16192115561914,0,0,0
6831,-9.00760738067452,-0.250625569647245,-3.15944816877056,0,0,0
6832,-8.99028538340956,-0.269860325059607,-3.14638709604785,0,0,0
6833,-8.98556549425475,-0.269734385806037,-3.15758338316253,0,0,0
6834,-8.98556110613272,-0.269727238568406,-3.16435911913914,0,0,0
6835,-8.98105431789028,-0.269807900862985,-3.1575863050901,0,0,0
6836,-8.96935953386655,-0.283302600062084,-3.1507041088964,0,0,0
6837,-8.97375284968774,-0.278561156117924,-3.13479637802451,0,0,0
6838,-8.980909209827,-0.278804445755797,-3.155318237877,0,0,0
6839,-8.98791464741461,-0.288034655700546,-3.18260643403096,0,0,0
6840,-8.97876186774456,-0.29489388907924,-3.21422532149897,0,0,0
6841,-8.96089826733626,-0.272541437398946,-3.18931675083826,0,0,0
6842,-9.00123826165266,-0.262503383829001,-3.19587653601195,0,0,0
6843,-8.99101594030843,-0.236286727878332,-3.17814236601724,0,0,0
6844,-8.99082861467684,-0.22241292877716,-3.1847332200511,0,0,0
6845,-8.98838597867645,-0.247395108055734,-3.16222234357693,0,0,0
6846,-8.99686361320407,-0.230764599008409,-3.15505921824219,0,0,0
6847,-9.00325806997402,-0.253130528983552,-3.16406540310697,0,0,0
6848,-9.00327773043319,-0.264563346562035,-3.16189451208414,0,0,0
6849,-8.98114870401539,-0.276745797410511,-3.15316156579697,0,0,0
6850,-8.97851228209607,-0.2764432694537,-3.11908530963494,0,0,0
6851,-8.994800953396,-0.269793957157365,-3.13960843184854,0,0,0
6852,-8.98812153751493,-0.251721215379745,-3.14630800601285,0,0,0
6853,-8.98479656767088,-0.266735613760042,-3.15718760277661,0,0,0
6854,-8.99690266071948,-0.278739406579866,-3.15089038615487,0,0,0
6855,-8.97374114805073,-0.27854209685297,-3.15286497374037,0,0,0
6856,-8.97376255358116,-0.264867917839191,-3.14826252813118,0,0,0
6857,-8.99222350851504,-0.23755286205423,-3.1844164644151,0,0,0
6858,-8.97208749004282,-0.226609841434037,-3.21380291468034,0,0,0
6859,-8.98155360799574,-0.22459691409383,-3.20722289402844,0,0,0
6860,-8.98355061065618,-0.228895724632239,-3.18227278548976,0,0,0
6861,-8.98591666946041,-0.235823334338148,-3.15300227387419,0,0,0
6862,-8.98998840642236,-0.237622973131059,-3.15279791223151,0,0,0
6863,-8.99210974614047,-0.258001446780296,-3.16190893336962,0,0,0
6864,-8.98731951210556,-0.262377358643123,-3.16858328585902,0,0,0
6865,-8.98541482146949,-0.253612212038047,-3.16417663503767,0,0,0
6866,-8.98782254514432,-0.269700010690107,-3.15532334353988,0,0,0
6867,-8.98065008018142,-0.269430428010143,-3.15964580289897,0,0,0
6868,-8.9918981076158,-0.257797167874999,-3.1776193977571,0,0,0
6869,-8.97606362860395,-0.260288748376593,-3.19117868649701,0,0,0
6870,-8.9739516961519,-0.251326448246444,-3.19570678088165,0,0,0
6871,-8.98573938115669,-0.244767509612189,-3.20042289306936,0,0,0
6872,-8.99055748875483,-0.238128888992193,-3.2073024016699,0,0,0
6873,-8.96954607783491,-0.244647096282636,-3.20249253641911,0,0,0
6874,-8.96952552434763,-0.24692187592573,-3.17764586820604,0,0,0
6875,-8.98818312124149,-0.247205074839263,-3.16438137956093,0,0,0
6876,-8.98636549714676,-0.245366230858046,-3.166842885223,0,0,0
6877,-8.98808789524604,-0.251666419891243,-3.19825531516687,0,0,0
6878,-8.98567633435956,-0.249281289430009,-3.18460811283761,0,0,0
6879,-8.97171513135595,-0.251394176917367,-3.16634680106535,0,0,0
6880,-8.9719414471024,-0.24931419034758,-3.18451731530225,0,0,0
6881,-8.97680849162753,-0.25184782512107,-3.20052119864464,0,0,0
6882,-8.99228189212457,-0.258141398766616,-3.20718000696835,0,0,0
6883,-8.9760372243036,-0.262553998396059,-3.17536630775309,0,0,0
6884,-8.97902243207717,-0.242650672283501,-3.18010245905028,0,0,0
6885,-8.97953220044775,-0.236275665364277,-3.18482585563536,0,0,0
6886,-8.97698524115395,-0.229193738520361,-3.182376729474,0,0,0
6887,-8.99721305107362,-0.221960464328015,-3.15290966817453,0,0,0
6888,-8.98611513464456,-0.236006276505033,-3.15761896524088,0,0,0
6889,-8.98136739301632,-0.238143018367952,-3.15526140020986,0,0,0
6890,-9.00013061492948,-0.231673630997371,-3.14877968928684,0,0,0
6891,-8.98647981229375,-0.238627821364848,-3.1600742530102,0,0,0
6892,-8.98135569136844,-0.238123959085301,-3.17333001270327,0,0,0
6893,-8.97907724417585,-0.251832509305488,-3.18019252975103,0,0,0
6894,-8.97453235053341,-0.25415932980759,-3.1756759222223,0,0,0
6895,-8.9761990365598,-0.264985376564028,-3.17998063932266,0,0,0
6896,-8.97436822727468,-0.263124903337335,-3.20276937757451,0,0,0
6897,-8.96928518716252,-0.260379961311731,-3.20925164831064,0,0,0
6898,-8.9700094725102,-0.254213785564189,-3.19374747342082,0,0,0
6899,-8.97830628247985,-0.237428972055975,-3.15486471833687,0,0,0
6900,-8.98879928531112,-0.222677957517803,-3.14643837168267,0,0,0
6901,-8.98800019157317,-0.233338393670234,-3.16419652353055,0,0,0
6902,-8.96501582717404,-0.246997773119899,-3.17539021775563,0,0,0
6903,-8.9696727000744,-0.24932950611342,-3.20484594644281,0,0,0
6904,-8.96727973647187,-0.230957031914256,-3.24758005618332,0,0,0
6905,-8.96809199364289,-0.218009861909122,-3.26596176685404,0,0,0
6906,-8.96797028816658,-0.227044568775756,-3.22755647670553,0,0,0
6907,-8.96742443091117,-0.249378175592928,-3.19355453508062,0,0,0
6908,-8.96796110567053,-0.254447691369622,-3.18481418344631,0,0,0
6909,-8.96765512940081,-0.247305356133821,-3.20494936173872,0,0,0
6910,-8.96731337861579,-0.231011827199237,-3.19563293997116,0,0,0
6911,-8.97079473272361,-0.232130038279125,-3.1691259275416,0,0,0
6912,-8.97709809517445,-0.222452848922774,-3.17786669280066,0,0,0
6913,-8.97469593826211,-0.231483812297467,-3.17785866516264,0,0,0
6914,-8.99319030066316,-0.229333354770154,-3.16223839866267,0,0,0
6915,-8.99473266560953,-0.221771327601469,-3.18894875340157,0,0,0
6916,-8.98820959999184,-0.242631756397735,-3.23666064092188,0,0,0
6917,-8.97264465198506,-0.231713063547938,-3.17344252591277,0,0,0
6918,-8.99738958784724,-0.222107737107548,-3.1914050035127,0,0,0
6919,-8.98662290504562,-0.215919095079036,-3.1938771449069,0,0,0
6920,-8.97341914210678,-0.195902872612111,-3.19390725984423,0,0,0
6921,-8.96874237497014,-0.204939535436331,-3.22326224309576,0,0,0
6922,-8.97061045767519,-0.215952858834897,-3.22766647965933,0,0,0
6923,-8.97147512426474,-0.239742573224996,-3.19777952429081,0,0,0
6924,-8.96532625822749,-0.251839216563015,-3.20494607840071,0,0,0
6925,-8.97219238658108,-0.270075765958707,-3.22093194872246,0,0,0
6926,-8.96987314069099,-0.263224624932262,-3.1779279342545,0,0,0
6927,-8.97683628306704,-0.251893090959397,-3.15760820412611,0,0,0
6928,-8.98314545475408,-0.242225626857872,-3.15731469549561,0,0,0
6929,-8.99474409520218,-0.246900002484475,-3.17105318176956,0,0,0
6930,-8.98556139365497,-0.244617962736313,-3.16418612368349,0,0,0
6931,-8.97741640711222,-0.241016223500788,-3.16685347332368,0,0,0
6932,-8.97341497271367,-0.234714840253115,-3.17157978023507,0,0,0
6933,-8.9682923510214,-0.234213305877924,-3.18257695183421,0,0,0
6934,-8.96881825563869,-0.225556581916249,-3.2189229229972,0,0,0
6935,-8.96792633176714,-0.229281208196849,-3.2388469873639,0,0,0
6936,-8.9703920642266,-0.229446484967843,-3.22539366816912,0,0,0
6937,-8.96805786883962,-0.247680660334669,-3.2051485266322,0,0,0
6938,-8.96956715904917,-0.256082340314077,-3.198063106565,0,0,0
6939,-8.95844664790409,-0.258690378611682,-3.20946049796004,0,0,0
6940,-8.9607834284152,-0.26557016500281,-3.22536155780734,0,0,0
6941,-8.97053684822844,-0.245559208926162,-3.22783484903236,0,0,0
6942,-8.96782517939451,-0.236041157077088,-3.22528841154383,0,0,0
6943,-8.96823084245769,-0.23642133459446,-3.22097045256019,0,0,0
6944,-8.96880302355584,-0.214130996240197,-3.21431802249937,0,0,0
6945,-8.96794715050803,-0.204204771658856,-3.20705384122441,0,0,0
6946,-8.96903957132259,-0.212067915963325,-3.216678570672,0,0,0
6947,-8.96752652261332,-0.228910487747253,-3.23413061572991,0,0,0
6948,-8.96868724569878,-0.220867023316427,-3.22334523756543,0,0,0
6949,-8.96827333580829,-0.234182334486099,-3.21193850166304,0,0,0
6950,-8.96784772262516,-0.247478714694483,-3.21860041604784,0,0,0
6951,-8.96765951751877,-0.247312503364815,-3.19817363205369,0,0,0
6952,-8.97284163810624,-0.231893643378786,-3.18031782127413,0,0,0
6953,-8.97489938937042,-0.243075710494892,-3.20289030723367,0,0,0
6954,-8.97315793937169,-0.236744666254144,-3.2008394609343,0,0,0
6955,-8.97997453521464,-0.234407326976297,-3.18051018557707,0,0,0
6956,-8.99263069312797,-0.237935406846173,-3.17783986101661,0,0,0
6957,-8.98152335935807,-0.240564960739397,-3.16891003618568,0,0,0
6958,-8.98583753289745,-0.240310907642322,-3.16203183582088,0,0,0
6959,-8.99074857173661,-0.240607996350816,-3.16674516050482,0,0,0
6960,-8.9861165973519,-0.236008658917576,-3.15536038658201,0,0,0
6961,-8.97899164003159,-0.244908753397576,-3.17106578065357,0,0,0
6962,-8.9655524913265,-0.252067348951593,-3.1666498235805,0,0,0
6963,-8.97693158407158,-0.245123644973761,-3.18020110713048,0,0,0
6964,-8.98548463570337,-0.235400266623065,-3.19797465366706,0,0,0
6965,-8.96821561225905,-0.224995690906357,-3.21636555877454,0,0,0
6966,-8.96839736301497,-0.213750605393479,-3.21863599812619,0,0,0
6967,-8.97051223125596,-0.222717539995447,-3.2095907339727,0,0,0
6968,-8.96160040076947,-0.227520811341399,-3.23679438925775,0,0,0
6969,-8.96376988794578,-0.206850149154083,-3.25694224328137,0,0,0
6970,-8.96466091994823,-0.214525334501021,-3.26646762895466,0,0,0
6971,-8.9636643474552,-0.213602950803327,-3.25015939714633,0,0,0
6972,-8.9711398228318,-0.221010896033497,-3.23021913098876,0,0,0
6973,-8.97073854287233,-0.220637721405251,-3.22776133875257,0,0,0
6974,-8.96343710148831,-0.229390459319206,-3.20497126086277,0,0,0
6975,-8.96344295231225,-0.229399988960532,-3.19593695461606,0,0,0
6976,-8.97122919698155,-0.216540086520444,-3.2053794407422,0,0,0
6977,-8.96762234861999,-0.23585106551854,-3.22744738501658,0,0,0
6978,-8.96357894136897,-0.245498498469528,-3.21192956295863,0,0,0
6979,-8.96781693076188,-0.249736784964724,-3.20956372927381,0,0,0
6980,-8.97185739178058,-0.240084603661387,-3.22959868821393,0,0,0
6981,-8.9678926143096,-0.231534524490262,-3.23432746209054,0,0,0
6982,-8.97030793557581,-0.222525002808551,-3.21400830067348,0,0,0
6983,-8.97732734015406,-0.220377786090306,-3.19152009394896,0,0,0
6984,-8.9867714882952,-0.220637287630275,-3.16235181278873,0,0,0
6985,-8.98589264377691,-0.224383284215533,-3.16194889867211,0,0,0
6986,-8.98618904569087,-0.242910981946664,-3.18481435635735,0,0,0
6987,-8.98184992166037,-0.245432598843214,-3.17362155571746,0,0,0
6988,-8.97880696297805,-0.256149128350996,-3.17331249646522,0,0,0
6989,-8.96648405469756,-0.243790513156537,-3.19867771934849,0,0,0
6990,-8.96586824939754,-0.243208446299378,-3.2164476356323,0,0,0
6991,-8.97492486958984,-0.25451788802038,-3.19168511298292,0,0,0
6992,-9.00148159738539,-0.246742081826768,-3.21622033011707,0,0,0
6993,-8.97677569809867,-0.240393612498147,-3.22301924683414,0,0,0
6994,-8.96763843837088,-0.235877272007851,-3.20260306590728,0,0,0
6995,-8.97232018527738,-0.238249547327091,-3.19366304560636,0,0,0
6996,-8.96591487349382,-0.204465128196246,-3.17327626908961,0,0,0
6997,-8.97272272814388,-0.19980531825002,-3.22296526875046,0,0,0
6998,-8.97064124953847,-0.213694788564656,-3.23670316643337,0,0,0
6999,-8.98144075397524,-0.231337803691417,-3.21173293070178,0,0,0
7000,-8.97254557256246,-0.249877116688345,-3.1848160057694,0,0,0
7001,-8.96767035999126,-0.258730947444992,-3.20955424071958,0,0,0
7002,-8.96748507940712,-0.258569555190555,-3.1846103119336,0,0,0
7003,-8.96791069404998,-0.245273057500201,-3.17794837232674,0,0,0
7004,-8.96843453295849,-0.225212039564121,-3.18936218261083,0,0,0
7005,-8.96843400570763,-0.211502064773412,-3.21863837026475,0,0,0
7006,-8.96872388803772,-0.218618504401727,-3.22334760968108,0,0,0
7007,-8.96805673825946,-0.222568907523238,-3.20723403195046,0,0,0
7008,-8.97054302311925,-0.220459469725206,-3.21862742074674,0,0,0
7009,-8.96187943419536,-0.223218667834332,-3.23012299691157,0,0,0
7010,-8.95548551480652,-0.212255108071704,-3.24830752579306,0,0,0
7011,-8.9611678355227,-0.215695688008946,-3.25457601092413,0,0,0
7012,-8.96174404541525,-0.218521927442353,-3.24132103927831,0,0,0
7013,-8.96815350251413,-0.215801811412005,-3.22756833745556,0,0,0
7014,-8.96858702865475,-0.213919360017332,-3.23680423912371,0,0,0
7015,-8.96786913579395,-0.233804517655995,-3.21399790088546,0,0,0
7016,-8.96813700470601,-0.243193130458924,-3.19611894786216,0,0,0
7017,-8.96867168699036,-0.234550614164319,-3.21891343458037,0,0,0
7018,-8.96850935549706,-0.218409272307832,-3.24357523713769,0,0,0
7019,-8.96828158410764,-0.220486697603505,-3.227663196346,0,0,0
7020,-8.96812271046856,-0.218059892526081,-3.21853165905885,0,0,0
7021,-8.97044772211471,-0.227228915710842,-3.19603451774237,0,0,0
7022,-8.97686946172148,-0.235929863297286,-3.19140391927068,0,0,0
7023,-8.97437000608823,-0.238017944424667,-3.20033773640068,0,0,0
7024,-8.97095276020918,-0.245955965265107,-3.20770677350452,0,0,0
7025,-8.9732552403578,-0.243687387297921,-3.19189757529285,0,0,0
7026,-8.97955860400264,-0.234010458693603,-3.20063829305491,0,0,0
7027,-8.96741565468341,-0.249363881144213,-3.20710598186751,0,0,0
7028,-8.9784007340583,-0.24205904858801,-3.20690662561655,0,0,0
7029,-8.9773270326237,-0.245487054743542,-3.19169314047821,0,0,0
7030,-8.97285833844666,-0.243321580732785,-3.18266410311551,0,0,0
7031,-8.97266813031163,-0.229443081214979,-3.19377210598116,0,0,0
7032,-8.97288912994537,-0.241063532150212,-3.19170080664421,0,0,0
7033,-8.97849364843891,-0.248994830656437,-3.20474052060682,0,0,0
7034,-8.98125223343606,-0.25628092095443,-3.19147921780449,0,0,0
7035,-8.97218824085918,-0.247267577321406,-3.17106779138957,0,0,0
7036,-8.97244827415571,-0.242934324935381,-3.19375787314982,0,0,0
7037,-8.97970048754307,-0.250118294380258,-3.20759660025304,0,0,0
7038,-8.97486128414592,-0.24532185784752,-3.20514651586263,0,0,0
7039,-8.97278744308603,-0.234113584169101,-3.20741841821979,0,0,0
7040,-8.96846093651338,-0.222946832893447,-3.20517462003039,0,0,0
7041,-8.97036566048535,-0.231711702475715,-3.20958124541848,0,0,0
7042,-8.97469540539167,-0.217773736271409,-3.20713480924722,0,0,0
7043,-8.95870497141495,-0.21784324030408,-3.20704545202075,0,0,0
7044,-8.96622237375476,-0.209302193744537,-3.20734931007274,0,0,0
7045,-8.97069930549256,-0.197771877325648,-3.23210300681696,0,0,0
7046,-8.96808115576728,-0.206591166390476,-3.25458111668928,0,0,0
7047,-8.96838712406358,-0.213733928505674,-3.23444604873828,0,0,0
7048,-8.96892964483635,-0.218813440149377,-3.21667145435937,0,0,0
7049,-8.96834077000508,-0.229675745292309,-3.22097756894151,0,0,0
7050,-8.96998639774083,-0.229066238695208,-3.22971161500521,0,0,0
